FANN_FLO_2.1
num_layers=3
learning_rate=0.700000
connection_rate=1.000000
network_type=0
learning_momentum=0.000000
training_algorithm=2
train_error_function=1
train_stop_function=0
cascade_output_change_fraction=0.010000
quickprop_decay=-0.000100
quickprop_mu=1.750000
rprop_increase_factor=1.200000
rprop_decrease_factor=0.500000
rprop_delta_min=0.000000
rprop_delta_max=50.000000
rprop_delta_zero=0.100000
cascade_output_stagnation_epochs=12
cascade_candidate_change_fraction=0.010000
cascade_candidate_stagnation_epochs=12
cascade_max_out_epochs=150
cascade_max_cand_epochs=150
cascade_num_candidate_groups=2
bit_fail_limit=3.49999999999999977796e-01
cascade_candidate_limit=1.00000000000000000000e+03
cascade_weight_multiplier=4.00000000000000022204e-01
cascade_activation_functions_count=10
cascade_activation_functions=3 5 7 8 10 11 14 15 16 17 
cascade_activation_steepnesses_count=4
cascade_activation_steepnesses=2.50000000000000000000e-01 5.00000000000000000000e-01 7.50000000000000000000e-01 1.00000000000000000000e+00 
layer_sizes=8 8 2 
scale_included=0
neurons (num_inputs, activation_function, activation_steepness)=(0, 0, 0.00000000000000000000e+00) (0, 0, 0.00000000000000000000e+00) (0, 0, 0.00000000000000000000e+00) (0, 0, 0.00000000000000000000e+00) (0, 0, 0.00000000000000000000e+00) (0, 0, 0.00000000000000000000e+00) (0, 0, 0.00000000000000000000e+00) (0, 0, 0.00000000000000000000e+00) (8, 4, 5.00000000000000000000e-01) (8, 4, 5.00000000000000000000e-01) (8, 4, 5.00000000000000000000e-01) (8, 4, 5.00000000000000000000e-01) (8, 4, 5.00000000000000000000e-01) (8, 4, 5.00000000000000000000e-01) (8, 4, 5.00000000000000000000e-01) (0, 0, 0.00000000000000000000e+00) (8, 6, 5.00000000000000000000e-01) (0, 6, 0.00000000000000000000e+00) 
connections (connected_to_neuron, weight)=(0, 1.49968246922112120956e+03) (1, 1.49996082114928276496e+03) (2, 1.34467596390256562700e+03) (3, 1.49998705039015317197e+03) (4, 1.50000000000000000000e+03) (5, 1.50000000000000000000e+03) (6, -1.50000000000000000000e+03) (7, 8.78110178179454581304e-01) (0, -1.48750621685000510297e+03) (1, -1.49948295704868678513e+03) (2, -1.50000000000000000000e+03) (3, -1.49792650529010506943e+03) (4, -1.50000000000000000000e+03) (5, -1.50000000000000000000e+03) (6, 1.50000000000000000000e+03) (7, -1.24582580629446812437e-01) (0, 9.39781436799629554812e-01) (1, 7.13758399360215012308e+00) (2, -1.48949608159256263740e+00) (3, -1.12452231100618753601e+01) (4, -2.76807508904309118591e+00) (5, 2.12811015632188604840e+00) (6, -1.56103753609700324212e+00) (7, 1.99988178777237013417e-02) (0, -2.84403812439432446268e+00) (1, 3.56001441631786708086e+00) (2, -6.22963870196789448741e-01) (3, -1.80312345007842100841e+00) (4, 3.06286921106458442932e-01) (5, -2.40248322162490657306e+00) (6, 1.48068245697716682763e+00) (7, -5.71904223303173697701e-01) (0, -1.11220657272791303427e+01) (1, 3.61137671746832182862e+01) (2, -1.42113506952574137898e+01) (3, -1.60658718601298033946e+01) (4, 7.06184048324425805987e+00) (5, 2.65348186078034675717e+00) (6, -1.17873744100997853934e+02) (7, -4.98265864659599788666e+00) (0, 4.46004237757962940236e+00) (1, -3.34452607534317880589e-01) (2, 7.60128052938761844537e-01) (3, -1.32596041221669547205e+00) (4, 1.47047880227923720431e-02) (5, -2.64589848384971437767e+00) (6, -5.76112032625299086419e+00) (7, 2.34335406923087008479e+00) (0, -2.88303417628128002548e+01) (1, -3.01133910865977618698e+01) (2, -6.61247974554941286840e+00) (3, -1.50011837895152821964e+00) (4, 7.34763995927570867650e+00) (5, -2.80863121408670046719e+00) (6, 3.06361520415302557296e+01) (7, -1.77233263981843647272e+00) (8, -5.24907745662486657778e-01) (9, 1.50000000000000000000e+03) (10, 2.11622357809584071830e+00) (11, -1.96028361128167127880e+00) (12, 1.24690950716008108756e+00) (13, 2.26392667998890173564e+00) (14, 1.24027282823273292678e+01) (15, -3.07911163519627939511e-01) 
