FANN_FLO_2.1
num_layers=3
learning_rate=0.700000
connection_rate=1.000000
network_type=0
learning_momentum=0.000000
training_algorithm=2
train_error_function=1
train_stop_function=0
cascade_output_change_fraction=0.010000
quickprop_decay=-0.000100
quickprop_mu=1.750000
rprop_increase_factor=1.200000
rprop_decrease_factor=0.500000
rprop_delta_min=0.000000
rprop_delta_max=50.000000
rprop_delta_zero=0.100000
cascade_output_stagnation_epochs=12
cascade_candidate_change_fraction=0.010000
cascade_candidate_stagnation_epochs=12
cascade_max_out_epochs=150
cascade_max_cand_epochs=150
cascade_num_candidate_groups=2
bit_fail_limit=3.49999999999999977796e-01
cascade_candidate_limit=1.00000000000000000000e+03
cascade_weight_multiplier=4.00000000000000022204e-01
cascade_activation_functions_count=10
cascade_activation_functions=3 5 7 8 10 11 14 15 16 17 
cascade_activation_steepnesses_count=4
cascade_activation_steepnesses=2.50000000000000000000e-01 5.00000000000000000000e-01 7.50000000000000000000e-01 1.00000000000000000000e+00 
layer_sizes=8 8 2 
scale_included=0
neurons (num_inputs, activation_function, activation_steepness)=(0, 0, 0.00000000000000000000e+00) (0, 0, 0.00000000000000000000e+00) (0, 0, 0.00000000000000000000e+00) (0, 0, 0.00000000000000000000e+00) (0, 0, 0.00000000000000000000e+00) (0, 0, 0.00000000000000000000e+00) (0, 0, 0.00000000000000000000e+00) (0, 0, 0.00000000000000000000e+00) (8, 4, 5.00000000000000000000e-01) (8, 4, 5.00000000000000000000e-01) (8, 4, 5.00000000000000000000e-01) (8, 4, 5.00000000000000000000e-01) (8, 4, 5.00000000000000000000e-01) (8, 4, 5.00000000000000000000e-01) (8, 4, 5.00000000000000000000e-01) (0, 0, 0.00000000000000000000e+00) (8, 6, 5.00000000000000000000e-01) (0, 6, 0.00000000000000000000e+00) 
connections (connected_to_neuron, weight)=(0, 1.12673716089742015356e+00) (1, 3.43477260707057796552e+00) (2, -3.78352213875740650550e+00) (3, -3.90936399406462200545e+01) (4, 4.22433531925087457637e+00) (5, -6.00614296347799037079e+00) (6, -7.03472547473946896446e+00) (7, 3.16265139994372965759e+01) (0, -1.97590406706754009747e+02) (1, 4.53667434410662480104e+01) (2, 8.44732052376943158833e+01) (3, 2.29331797094282933358e+02) (4, -9.60040830227465988855e+01) (5, 3.00586842285236954808e+00) (6, 1.03406796949191850388e+01) (7, -9.28565870620030580085e+01) (0, -1.50000000000000000000e+03) (1, -1.50000000000000000000e+03) (2, -8.32736271995605761731e+02) (3, 8.66163112227612487004e+02) (4, 5.60233527308086422636e+02) (5, 3.65382739116936363644e+02) (6, -1.50000000000000000000e+03) (7, -2.28302019534459020633e+02) (0, 2.79108031028606085044e+01) (1, -2.43150714695126275444e+01) (2, 3.79861136864126791579e+01) (3, -3.12360293494854310836e+01) (4, 5.93629715184492745550e+00) (5, 2.37588623725921763707e+01) (6, -2.20247544761100471078e+01) (7, -1.40035376005540568300e+00) (0, -1.14123898078478376306e+01) (1, 1.21572274746476338692e+01) (2, -1.30008773547560032569e+01) (3, 8.74654213341566233453e+00) (4, 9.27122518370267822974e-01) (5, -1.00033417009338503334e+01) (6, 1.04960661415197051838e+01) (7, -2.82368216260982984878e+00) (0, 1.79394294010082546720e+01) (1, -6.72495991861785102905e-02) (2, -5.78679994536287178875e+00) (3, 2.65644428637237361990e-01) (4, -1.03495104140054809960e+01) (5, 3.09416220065753710955e+00) (6, 9.01072730968744082247e+01) (7, -1.01027536803072592875e+02) (0, -2.01131945823673845553e+01) (1, 1.51295131212820219702e+01) (2, 5.73110470903530782039e+01) (3, 1.00080304464665729824e+02) (4, -4.48675991754181140436e+01) (5, -2.02470125770553437405e+01) (6, 6.77534008996591641250e+00) (7, -5.91972115060907952966e+01) (8, 1.51812242741097613852e+00) (9, -1.47003601509557113580e+00) (10, 1.76941744747866236409e+00) (11, -4.00267706985368665329e+00) (12, -5.34225254031140917022e+00) (13, -3.08981274904944669402e+00) (14, 1.75941417109360398463e+00) (15, 2.63837711821712961324e+00) 
