FANN_FLO_2.1
num_layers=3
learning_rate=0.700000
connection_rate=1.000000
network_type=0
learning_momentum=0.000000
training_algorithm=2
train_error_function=1
train_stop_function=0
cascade_output_change_fraction=0.010000
quickprop_decay=-0.000100
quickprop_mu=1.750000
rprop_increase_factor=1.200000
rprop_decrease_factor=0.500000
rprop_delta_min=0.000000
rprop_delta_max=50.000000
rprop_delta_zero=0.100000
cascade_output_stagnation_epochs=12
cascade_candidate_change_fraction=0.010000
cascade_candidate_stagnation_epochs=12
cascade_max_out_epochs=150
cascade_max_cand_epochs=150
cascade_num_candidate_groups=2
bit_fail_limit=3.49999999999999977796e-01
cascade_candidate_limit=1.00000000000000000000e+03
cascade_weight_multiplier=4.00000000000000022204e-01
cascade_activation_functions_count=10
cascade_activation_functions=3 5 7 8 10 11 14 15 16 17 
cascade_activation_steepnesses_count=4
cascade_activation_steepnesses=2.50000000000000000000e-01 5.00000000000000000000e-01 7.50000000000000000000e-01 1.00000000000000000000e+00 
layer_sizes=8 6 2 
scale_included=0
neurons (num_inputs, activation_function, activation_steepness)=(0, 0, 0.00000000000000000000e+00) (0, 0, 0.00000000000000000000e+00) (0, 0, 0.00000000000000000000e+00) (0, 0, 0.00000000000000000000e+00) (0, 0, 0.00000000000000000000e+00) (0, 0, 0.00000000000000000000e+00) (0, 0, 0.00000000000000000000e+00) (0, 0, 0.00000000000000000000e+00) (8, 4, 5.00000000000000000000e-01) (8, 4, 5.00000000000000000000e-01) (8, 4, 5.00000000000000000000e-01) (8, 4, 5.00000000000000000000e-01) (8, 4, 5.00000000000000000000e-01) (0, 0, 0.00000000000000000000e+00) (6, 6, 5.00000000000000000000e-01) (0, 6, 0.00000000000000000000e+00) 
connections (connected_to_neuron, weight)=(0, -1.78893564679273367801e+02) (1, 5.06955251825709353852e+02) (2, 1.46642440554399036046e+03) (3, -4.65799353466153490899e+02) (4, -1.50000000000000000000e+03) (5, 1.49585844580396110359e+03) (6, 3.30418849472521714006e+01) (7, -1.49981016145321427757e+03) (0, 5.46318145729970012781e+01) (1, 3.95069947644291596944e+00) (2, -2.49180079682685011733e+01) (3, 6.02133803210547569051e+01) (4, 5.77663150065545423217e+01) (5, 4.09933916552256416566e+00) (6, -1.25068720046223290865e+02) (7, -6.44097975759186027744e+01) (0, -1.79666501098689268545e+00) (1, 3.56186414200504142258e+00) (2, 1.01250325222870536379e+01) (3, -1.92745708193550124854e+00) (4, 4.77831155018736020157e-01) (5, -4.55019379916827038102e+00) (6, 1.04911464121606345934e+00) (7, -6.75014788258627707052e+00) (0, 2.65382362721597040434e+01) (1, 1.02673637686412515535e+01) (2, 1.39381515972051857943e+02) (3, -8.86340222172551506219e+00) (4, 1.11197579567087831975e+01) (5, -1.21726647689533180596e+01) (6, -3.91637744530557796452e+01) (7, -5.22778341234049008790e+01) (0, -3.58753447761187782561e+00) (1, 4.51919812816288679613e+00) (2, 1.07660480747264877266e+01) (3, -7.07046258610834144065e-01) (4, 2.13442748453307670764e-02) (5, -4.86108254046706722562e+00) (6, 2.75204232586699504282e+00) (7, -8.49862492083925857855e+00) (8, 2.68866810895038110818e-01) (9, 1.69416763209640008903e+00) (10, 1.85589466324413017162e+01) (11, -1.12557614913530557033e+00) (12, -1.76941026668511298681e+01) (13, 2.29143112249917485501e-01) 
