FANN_FLO_2.1
num_layers=3
learning_rate=0.700000
connection_rate=1.000000
network_type=0
learning_momentum=0.000000
training_algorithm=2
train_error_function=1
train_stop_function=0
cascade_output_change_fraction=0.010000
quickprop_decay=-0.000100
quickprop_mu=1.750000
rprop_increase_factor=1.200000
rprop_decrease_factor=0.500000
rprop_delta_min=0.000000
rprop_delta_max=50.000000
rprop_delta_zero=0.100000
cascade_output_stagnation_epochs=12
cascade_candidate_change_fraction=0.010000
cascade_candidate_stagnation_epochs=12
cascade_max_out_epochs=150
cascade_max_cand_epochs=150
cascade_num_candidate_groups=2
bit_fail_limit=3.49999999999999977796e-01
cascade_candidate_limit=1.00000000000000000000e+03
cascade_weight_multiplier=4.00000000000000022204e-01
cascade_activation_functions_count=10
cascade_activation_functions=3 5 7 8 10 11 14 15 16 17 
cascade_activation_steepnesses_count=4
cascade_activation_steepnesses=2.50000000000000000000e-01 5.00000000000000000000e-01 7.50000000000000000000e-01 1.00000000000000000000e+00 
layer_sizes=8 8 2 
scale_included=0
neurons (num_inputs, activation_function, activation_steepness)=(0, 0, 0.00000000000000000000e+00) (0, 0, 0.00000000000000000000e+00) (0, 0, 0.00000000000000000000e+00) (0, 0, 0.00000000000000000000e+00) (0, 0, 0.00000000000000000000e+00) (0, 0, 0.00000000000000000000e+00) (0, 0, 0.00000000000000000000e+00) (0, 0, 0.00000000000000000000e+00) (8, 4, 5.00000000000000000000e-01) (8, 4, 5.00000000000000000000e-01) (8, 4, 5.00000000000000000000e-01) (8, 4, 5.00000000000000000000e-01) (8, 4, 5.00000000000000000000e-01) (8, 4, 5.00000000000000000000e-01) (8, 4, 5.00000000000000000000e-01) (0, 0, 0.00000000000000000000e+00) (8, 6, 5.00000000000000000000e-01) (0, 6, 0.00000000000000000000e+00) 
connections (connected_to_neuron, weight)=(0, 1.38332369260234315789e+01) (1, -4.51632756820114806828e+01) (2, -8.74587505582412716443e-01) (3, -2.41023973639654585099e+01) (4, 2.73036781473315564028e+01) (5, -1.35657351369645251538e+00) (6, -1.77654961513113747174e+01) (7, 4.88863939793001200940e+00) (0, 2.54118784299380621405e+02) (1, -3.64402944807390554161e+02) (2, 9.63574748431955868000e+02) (3, 1.98866282439244031366e+02) (4, 1.15704820942014976026e+02) (5, 1.50000000000000000000e+03) (6, -1.33090885260243254606e+02) (7, -1.10406902027559658563e+03) (0, 5.79407382961145117406e+02) (1, -1.50000000000000000000e+03) (2, -1.44643586630942149895e+03) (3, -2.22391196444308832270e+02) (4, -5.05580800414685356259e+01) (5, 5.26648878780974087022e+02) (6, 1.50000000000000000000e+03) (7, -9.37468941855918842521e+01) (0, 6.51612136601495528510e+00) (1, -2.20144646138910893285e+00) (2, -9.32590231427024574096e-01) (3, 5.95746499654836814130e+00) (4, 1.04993251812184351657e+00) (5, -2.63017296532335465020e-01) (6, -1.78876797084112482139e+01) (7, 1.28171108297927904829e+01) (0, 1.52698344135954414469e+02) (1, -1.31628597043155286883e+03) (2, 1.63363238747948003038e+01) (3, 1.50000000000000000000e+03) (4, 7.45581557278473155748e+02) (5, -1.32694158709068983626e+03) (6, -6.45259912379705269814e+02) (7, 5.56725476281210717389e+02) (0, -7.44642459864330596986e+00) (1, -9.02395987778505048738e-01) (2, 1.93942389460119208877e+01) (3, -3.30012658630909394564e-01) (4, -1.06521383217422673795e+01) (5, 4.43868008519246970423e+00) (6, -5.93113806182320058014e+00) (7, -7.97916842249389546282e+00) (0, -1.50000000000000000000e+03) (1, -1.50000000000000000000e+03) (2, -1.50000000000000000000e+03) (3, -1.47362486457429940856e+03) (4, -9.67325641100024654406e+02) (5, 1.50000000000000000000e+03) (6, -1.50000000000000000000e+03) (7, 2.79784823815515892420e+02) (8, 1.60788789889416161571e+00) (9, -1.09885957131301714718e+00) (10, 1.93031366020019218288e-01) (11, 7.86821964072325030770e+00) (12, -7.12700181740762217508e-01) (13, 5.14487073919390081045e+00) (14, -1.46347939137655336239e+00) (15, -6.79200696097467027101e+00) 
