FANN_FLO_2.1
num_layers=3
learning_rate=0.700000
connection_rate=1.000000
network_type=0
learning_momentum=0.000000
training_algorithm=2
train_error_function=1
train_stop_function=0
cascade_output_change_fraction=0.010000
quickprop_decay=-0.000100
quickprop_mu=1.750000
rprop_increase_factor=1.200000
rprop_decrease_factor=0.500000
rprop_delta_min=0.000000
rprop_delta_max=50.000000
rprop_delta_zero=0.100000
cascade_output_stagnation_epochs=12
cascade_candidate_change_fraction=0.010000
cascade_candidate_stagnation_epochs=12
cascade_max_out_epochs=150
cascade_max_cand_epochs=150
cascade_num_candidate_groups=2
bit_fail_limit=3.49999999999999977796e-01
cascade_candidate_limit=1.00000000000000000000e+03
cascade_weight_multiplier=4.00000000000000022204e-01
cascade_activation_functions_count=10
cascade_activation_functions=3 5 7 8 10 11 14 15 16 17 
cascade_activation_steepnesses_count=4
cascade_activation_steepnesses=2.50000000000000000000e-01 5.00000000000000000000e-01 7.50000000000000000000e-01 1.00000000000000000000e+00 
layer_sizes=8 6 2 
scale_included=0
neurons (num_inputs, activation_function, activation_steepness)=(0, 0, 0.00000000000000000000e+00) (0, 0, 0.00000000000000000000e+00) (0, 0, 0.00000000000000000000e+00) (0, 0, 0.00000000000000000000e+00) (0, 0, 0.00000000000000000000e+00) (0, 0, 0.00000000000000000000e+00) (0, 0, 0.00000000000000000000e+00) (0, 0, 0.00000000000000000000e+00) (8, 4, 5.00000000000000000000e-01) (8, 4, 5.00000000000000000000e-01) (8, 4, 5.00000000000000000000e-01) (8, 4, 5.00000000000000000000e-01) (8, 4, 5.00000000000000000000e-01) (0, 0, 0.00000000000000000000e+00) (6, 6, 5.00000000000000000000e-01) (0, 6, 0.00000000000000000000e+00) 
connections (connected_to_neuron, weight)=(0, 7.08103142819982611655e+00) (1, -2.71358863406072110536e+01) (2, -6.56008249266670695476e+00) (3, -7.85878863908094587032e+01) (4, -3.36948743489420081687e+01) (5, -2.62758534722059309274e+01) (6, -2.16563493194734526526e+01) (7, 1.20476760962595577098e+02) (0, -1.47765633622107247902e+03) (1, -5.41421929781748758614e+02) (2, -8.96191735484579112381e+02) (3, -1.50000000000000000000e+03) (4, 1.50000000000000000000e+03) (5, 1.50000000000000000000e+03) (6, -1.28782312838505663422e+03) (7, 4.02098594217699485398e+01) (0, 5.18796574051780226000e+02) (1, 6.59443055271180469390e+02) (2, 1.37498250265593100039e+02) (3, -8.43803850800273949062e+02) (4, -1.91750286086060810931e+02) (5, 5.28399871184359994913e+01) (6, -6.83687387376890796986e+02) (7, -4.24436086393340232803e+01) (0, -8.49413869879813546504e+02) (1, -8.51413291808336509803e+01) (2, 1.50000000000000000000e+03) (3, 5.23454915699048910938e+02) (4, 7.63971505697799329937e+02) (5, 6.52380360268675190127e+02) (6, -6.08335976013961499120e+02) (7, -5.84637199756185850674e+02) (0, 5.27482791078979786903e+01) (1, -6.93868562326806141982e+01) (2, -5.10699260910473817887e+00) (3, 3.93104271271421481515e+01) (4, 2.14975454877288676414e+01) (5, -4.21840300899388083167e+01) (6, -6.95603636036966577194e+00) (7, -2.12348368034920653713e+01) (8, 7.53532170910160226107e-01) (9, 2.75426861830843083823e-01) (10, 1.69712580207359486906e+00) (11, 1.08622151130265853780e+00) (12, 1.12791411688064724395e+00) (13, -1.65362145533973126099e+00) 
