FANN_FLO_2.1
num_layers=3
learning_rate=0.700000
connection_rate=1.000000
network_type=0
learning_momentum=0.000000
training_algorithm=2
train_error_function=1
train_stop_function=0
cascade_output_change_fraction=0.010000
quickprop_decay=-0.000100
quickprop_mu=1.750000
rprop_increase_factor=1.200000
rprop_decrease_factor=0.500000
rprop_delta_min=0.000000
rprop_delta_max=50.000000
rprop_delta_zero=0.100000
cascade_output_stagnation_epochs=12
cascade_candidate_change_fraction=0.010000
cascade_candidate_stagnation_epochs=12
cascade_max_out_epochs=150
cascade_max_cand_epochs=150
cascade_num_candidate_groups=2
bit_fail_limit=3.49999999999999977796e-01
cascade_candidate_limit=1.00000000000000000000e+03
cascade_weight_multiplier=4.00000000000000022204e-01
cascade_activation_functions_count=10
cascade_activation_functions=3 5 7 8 10 11 14 15 16 17 
cascade_activation_steepnesses_count=4
cascade_activation_steepnesses=2.50000000000000000000e-01 5.00000000000000000000e-01 7.50000000000000000000e-01 1.00000000000000000000e+00 
layer_sizes=8 6 3 
scale_included=0
neurons (num_inputs, activation_function, activation_steepness)=(0, 0, 0.00000000000000000000e+00) (0, 0, 0.00000000000000000000e+00) (0, 0, 0.00000000000000000000e+00) (0, 0, 0.00000000000000000000e+00) (0, 0, 0.00000000000000000000e+00) (0, 0, 0.00000000000000000000e+00) (0, 0, 0.00000000000000000000e+00) (0, 0, 0.00000000000000000000e+00) (8, 4, 5.00000000000000000000e-01) (8, 4, 5.00000000000000000000e-01) (8, 4, 5.00000000000000000000e-01) (8, 4, 5.00000000000000000000e-01) (8, 4, 5.00000000000000000000e-01) (0, 0, 0.00000000000000000000e+00) (6, 6, 5.00000000000000000000e-01) (6, 6, 5.00000000000000000000e-01) (0, 6, 0.00000000000000000000e+00) 
connections (connected_to_neuron, weight)=(0, 2.07482883568909699079e+02) (1, -6.03079464456721893839e+02) (2, 1.16610824638840373524e+01) (3, 4.37159281533743694581e+02) (4, 2.21256421821628151747e+02) (5, -1.23825624553782006387e+02) (6, 3.25644669583525910639e+02) (7, -2.24114228009542927111e+02) (0, -2.27508310854432025394e+01) (1, -1.43418505705377796744e+01) (2, -1.34884329755172558407e+02) (3, 1.11521764681604594216e+02) (4, 2.25801761346670204489e+01) (5, 2.64923296422377561044e+01) (6, 4.11065272798464764747e+00) (7, 5.12750355183402728443e+00) (0, -1.50000000000000000000e+03) (1, 2.87468204207124600202e+01) (2, 3.40298903919861345457e+02) (3, 1.50000000000000000000e+03) (4, 1.50000000000000000000e+03) (5, -1.04507888375857919527e+03) (6, -1.50000000000000000000e+03) (7, 1.50000000000000000000e+03) (0, 1.50000000000000000000e+03) (1, 1.50000000000000000000e+03) (2, 1.50000000000000000000e+03) (3, 1.50000000000000000000e+03) (4, -1.50000000000000000000e+03) (5, 1.50000000000000000000e+03) (6, 1.50000000000000000000e+03) (7, -6.79484531117559868107e+02) (0, 4.03688572825696553537e+02) (1, 8.13114582174193742503e+02) (2, 1.75257307874548615700e+02) (3, -4.25077922236039906778e+00) (4, -9.27849075486824688141e+01) (5, -1.08952951051422900264e+02) (6, -6.07850722956888148474e+02) (7, -3.02647643308252327188e+02) (8, -1.06243430430693575062e+00) (9, -1.25789014334803206374e+00) (10, 5.76307304666695885409e-01) (11, -2.11072545987791793110e+00) (12, -1.19972321488431910019e+00) (13, 4.84104577727451523828e+00) (8, 8.13142927996786446521e-01) (9, 1.16431168166351906024e+00) (10, -6.07059406109320409684e-01) (11, 4.47238393896960184648e-01) (12, 9.68305550497860045844e-01) (13, -3.66045359306281292699e-01) 
