FANN_FLO_2.1
num_layers=3
learning_rate=0.700000
connection_rate=1.000000
network_type=0
learning_momentum=0.000000
training_algorithm=2
train_error_function=1
train_stop_function=0
cascade_output_change_fraction=0.010000
quickprop_decay=-0.000100
quickprop_mu=1.750000
rprop_increase_factor=1.200000
rprop_decrease_factor=0.500000
rprop_delta_min=0.000000
rprop_delta_max=50.000000
rprop_delta_zero=0.100000
cascade_output_stagnation_epochs=12
cascade_candidate_change_fraction=0.010000
cascade_candidate_stagnation_epochs=12
cascade_max_out_epochs=150
cascade_max_cand_epochs=150
cascade_num_candidate_groups=2
bit_fail_limit=3.49999999999999977796e-01
cascade_candidate_limit=1.00000000000000000000e+03
cascade_weight_multiplier=4.00000000000000022204e-01
cascade_activation_functions_count=10
cascade_activation_functions=3 5 7 8 10 11 14 15 16 17 
cascade_activation_steepnesses_count=4
cascade_activation_steepnesses=2.50000000000000000000e-01 5.00000000000000000000e-01 7.50000000000000000000e-01 1.00000000000000000000e+00 
layer_sizes=8 6 3 
scale_included=0
neurons (num_inputs, activation_function, activation_steepness)=(0, 0, 0.00000000000000000000e+00) (0, 0, 0.00000000000000000000e+00) (0, 0, 0.00000000000000000000e+00) (0, 0, 0.00000000000000000000e+00) (0, 0, 0.00000000000000000000e+00) (0, 0, 0.00000000000000000000e+00) (0, 0, 0.00000000000000000000e+00) (0, 0, 0.00000000000000000000e+00) (8, 4, 5.00000000000000000000e-01) (8, 4, 5.00000000000000000000e-01) (8, 4, 5.00000000000000000000e-01) (8, 4, 5.00000000000000000000e-01) (8, 4, 5.00000000000000000000e-01) (0, 0, 0.00000000000000000000e+00) (6, 6, 5.00000000000000000000e-01) (6, 6, 5.00000000000000000000e-01) (0, 6, 0.00000000000000000000e+00) 
connections (connected_to_neuron, weight)=(0, -1.78885758573916264780e+00) (1, 1.59412492509469139179e+01) (2, -4.19009583539785879225e+00) (3, -7.72860498272591289748e+00) (4, 1.73490190588674053629e+00) (5, 1.07521250133869972210e+00) (6, -9.42756686568739254994e+00) (7, 3.12459447918391841625e+00) (0, 1.22209067702581530845e+00) (1, 3.12547457241316584131e+00) (2, -1.23615887616737696320e+00) (3, -4.91668433630603551876e+00) (4, 2.95747060201287226278e+00) (5, -4.84940684358838147716e+00) (6, -1.78058738809630678901e+00) (7, 2.78364263743254225503e+00) (0, -1.60194218052481618386e+00) (1, -3.99440090054828988997e+00) (2, 2.40011589898834998280e+00) (3, -1.68499446299599009436e+00) (4, 2.23460107680086034199e-01) (5, -1.03669170587665027128e+00) (6, 3.98380116394257210999e+00) (7, 2.25400340389227515914e-01) (0, -5.89070615538472281969e+01) (1, 5.05729350830883035428e+01) (2, 1.27166667184253405765e+01) (3, -8.60343395149617577999e+01) (4, 2.68169928022540071666e+00) (5, -3.93189719082125392902e+01) (6, 3.12397296153201509128e+01) (7, 1.27180353404447750165e+01) (0, -8.70175655802215786139e+00) (1, -2.94292195726967520386e+00) (2, 3.92241912408939663592e+00) (3, -4.08345628733704213431e+00) (4, -4.45029429090852413076e-01) (5, 2.53048181976036845597e+00) (6, 9.45838850889582083425e+00) (7, 1.11572429708219789113e+00) (8, 3.00400118530543069895e+00) (9, -3.66213809235753329219e+00) (10, 9.51079101175079699715e+00) (11, -2.31597909200374063587e+00) (12, -4.50673505680127117756e+00) (13, 8.53117150835108528639e-01) (8, -2.88395397528230157391e+00) (9, 3.23840416309769851821e+00) (10, -8.79306885995746689844e+00) (11, 2.26484461178087759237e+00) (12, 3.91262562599351770842e+00) (13, 1.86206781610663485438e+00) 
