FANN_FLO_2.1
num_layers=3
learning_rate=0.700000
connection_rate=1.000000
network_type=0
learning_momentum=0.000000
training_algorithm=2
train_error_function=1
train_stop_function=0
cascade_output_change_fraction=0.010000
quickprop_decay=-0.000100
quickprop_mu=1.750000
rprop_increase_factor=1.200000
rprop_decrease_factor=0.500000
rprop_delta_min=0.000000
rprop_delta_max=50.000000
rprop_delta_zero=0.100000
cascade_output_stagnation_epochs=12
cascade_candidate_change_fraction=0.010000
cascade_candidate_stagnation_epochs=12
cascade_max_out_epochs=150
cascade_max_cand_epochs=150
cascade_num_candidate_groups=2
bit_fail_limit=3.49999999999999977796e-01
cascade_candidate_limit=1.00000000000000000000e+03
cascade_weight_multiplier=4.00000000000000022204e-01
cascade_activation_functions_count=10
cascade_activation_functions=3 5 7 8 10 11 14 15 16 17 
cascade_activation_steepnesses_count=4
cascade_activation_steepnesses=2.50000000000000000000e-01 5.00000000000000000000e-01 7.50000000000000000000e-01 1.00000000000000000000e+00 
layer_sizes=8 8 2 
scale_included=0
neurons (num_inputs, activation_function, activation_steepness)=(0, 0, 0.00000000000000000000e+00) (0, 0, 0.00000000000000000000e+00) (0, 0, 0.00000000000000000000e+00) (0, 0, 0.00000000000000000000e+00) (0, 0, 0.00000000000000000000e+00) (0, 0, 0.00000000000000000000e+00) (0, 0, 0.00000000000000000000e+00) (0, 0, 0.00000000000000000000e+00) (8, 4, 5.00000000000000000000e-01) (8, 4, 5.00000000000000000000e-01) (8, 4, 5.00000000000000000000e-01) (8, 4, 5.00000000000000000000e-01) (8, 4, 5.00000000000000000000e-01) (8, 4, 5.00000000000000000000e-01) (8, 4, 5.00000000000000000000e-01) (0, 0, 0.00000000000000000000e+00) (8, 6, 5.00000000000000000000e-01) (0, 6, 0.00000000000000000000e+00) 
connections (connected_to_neuron, weight)=(0, -1.96197697145213432179e+01) (1, -4.04235346745059231921e+00) (2, -1.40037650843718015636e+01) (3, -5.21191371841969885992e+00) (4, 6.46034379328465480086e+00) (5, 1.57482205085910305087e+01) (6, 1.83438887908430849905e+01) (7, 8.23173789472301109527e+00) (0, -2.82140218893356262697e+01) (1, -1.97168014841285077487e+00) (2, 4.78506756899373897340e+01) (3, -2.10098507596161397259e+02) (4, -1.13372775463166092891e+02) (5, -7.68081558521411178475e+00) (6, 2.27985430004653153446e+02) (7, 4.43308173898291002502e+00) (0, 4.60895102880195679518e+01) (1, 8.03232745235754492796e+01) (2, -1.58806069302192383930e+02) (3, 1.25394094034823112338e+02) (4, 1.07026340273559981142e+01) (5, -4.80914950315816938087e+01) (6, -2.26004483614468455244e+02) (7, 2.81252486051084140684e+01) (0, -1.50000000000000000000e+03) (1, -1.50000000000000000000e+03) (2, -1.41055310438356082159e+03) (3, -1.50000000000000000000e+03) (4, 1.50000000000000000000e+03) (5, 1.50000000000000000000e+03) (6, 1.08506432437893613496e+03) (7, -5.52499350988073061330e+01) (0, 7.06308457715393522847e+00) (1, 1.56974606945577010997e+00) (2, -2.61982329848465722577e+00) (3, 3.89050058273155174859e+00) (4, -3.62202983800680788917e+00) (5, 1.32403174777367049764e+00) (6, 1.86150594185527005209e+01) (7, -2.82832513318040099648e+01) (0, 5.60199697635183838429e+02) (1, 1.48590747474145496199e+03) (2, 1.34866083293137944565e+03) (3, 1.50000000000000000000e+03) (4, -1.50000000000000000000e+03) (5, -1.50000000000000000000e+03) (6, -9.75819739985530759441e+02) (7, -1.41774770817299167902e+03) (0, 3.35357751214808317286e+01) (1, -6.66415101466071064351e+02) (2, -1.38333466214857935483e+03) (3, -5.74474960868863263386e+02) (4, 1.62231674572572131865e+02) (5, 1.50000000000000000000e+03) (6, -1.61378334483098029750e+02) (7, 1.50000000000000000000e+03) (8, -3.52090883160541467944e+00) (9, 1.10524504600886985806e+00) (10, 1.06772436520562807871e+00) (11, 3.53536956142678993054e-01) (12, -1.03034742210620731129e+01) (13, -1.49092283458989083300e+00) (14, 2.15743108759832358245e+00) (15, 9.58694430520750096036e-01) 
