FANN_FLO_2.1
num_layers=3
learning_rate=0.700000
connection_rate=1.000000
network_type=0
learning_momentum=0.000000
training_algorithm=2
train_error_function=1
train_stop_function=0
cascade_output_change_fraction=0.010000
quickprop_decay=-0.000100
quickprop_mu=1.750000
rprop_increase_factor=1.200000
rprop_decrease_factor=0.500000
rprop_delta_min=0.000000
rprop_delta_max=50.000000
rprop_delta_zero=0.100000
cascade_output_stagnation_epochs=12
cascade_candidate_change_fraction=0.010000
cascade_candidate_stagnation_epochs=12
cascade_max_out_epochs=150
cascade_max_cand_epochs=150
cascade_num_candidate_groups=2
bit_fail_limit=3.49999999999999977796e-01
cascade_candidate_limit=1.00000000000000000000e+03
cascade_weight_multiplier=4.00000000000000022204e-01
cascade_activation_functions_count=10
cascade_activation_functions=3 5 7 8 10 11 14 15 16 17 
cascade_activation_steepnesses_count=4
cascade_activation_steepnesses=2.50000000000000000000e-01 5.00000000000000000000e-01 7.50000000000000000000e-01 1.00000000000000000000e+00 
layer_sizes=8 6 2 
scale_included=0
neurons (num_inputs, activation_function, activation_steepness)=(0, 0, 0.00000000000000000000e+00) (0, 0, 0.00000000000000000000e+00) (0, 0, 0.00000000000000000000e+00) (0, 0, 0.00000000000000000000e+00) (0, 0, 0.00000000000000000000e+00) (0, 0, 0.00000000000000000000e+00) (0, 0, 0.00000000000000000000e+00) (0, 0, 0.00000000000000000000e+00) (8, 4, 5.00000000000000000000e-01) (8, 4, 5.00000000000000000000e-01) (8, 4, 5.00000000000000000000e-01) (8, 4, 5.00000000000000000000e-01) (8, 4, 5.00000000000000000000e-01) (0, 0, 0.00000000000000000000e+00) (6, 6, 5.00000000000000000000e-01) (0, 6, 0.00000000000000000000e+00) 
connections (connected_to_neuron, weight)=(0, 1.82309155494921526497e+01) (1, 2.32471282951462008270e+01) (2, -2.74030252030501486615e+01) (3, 2.23650378235180333775e+01) (4, -1.87640035590152116640e+01) (5, 8.21868407553804658505e+00) (6, -2.81336133463197626270e+01) (7, -6.85560168646714007679e+00) (0, -1.50000000000000000000e+03) (1, -1.50000000000000000000e+03) (2, -1.50000000000000000000e+03) (3, -1.50000000000000000000e+03) (4, 1.40423442180671304413e+03) (5, 1.41850848358942039340e+03) (6, -1.50000000000000000000e+03) (7, -3.21462396812238239363e+02) (0, -3.06648591693758248766e+02) (1, 1.50000000000000000000e+03) (2, -7.67668758270560147139e+02) (3, 3.45896115859019289474e+02) (4, -6.08084713838137076891e+02) (5, 4.47962756015438174018e+02) (6, -5.36136724621477469555e+02) (7, -3.60816860582959236581e+02) (0, 3.24291098886351603081e-01) (1, 5.14677923187398960181e+01) (2, -2.96230841345735385062e+01) (3, 2.31652320695123563610e+01) (4, -8.97604835683850268424e+01) (5, 6.01504197156860413997e+01) (6, 1.45627669385606645847e+03) (7, -1.50000000000000000000e+03) (0, -6.26738901021131709967e+02) (1, 5.24178320666744184564e+02) (2, -6.01366294337470208120e+02) (3, 6.18461994152511806533e+02) (4, 1.50000000000000000000e+03) (5, -1.22353248166493744975e+03) (6, -4.74546899062910298994e+01) (7, -5.88179256434007129428e+02) (8, 3.55548872596472076424e+00) (9, 8.63037814930244118194e-01) (10, -3.18811821064947853444e+00) (11, -2.71236500952861536717e+00) (12, 2.19825554804779776941e-01) (13, 7.80865874078480980136e-03) 
