FANN_FLO_2.1
num_layers=3
learning_rate=0.700000
connection_rate=1.000000
network_type=0
learning_momentum=0.000000
training_algorithm=2
train_error_function=1
train_stop_function=0
cascade_output_change_fraction=0.010000
quickprop_decay=-0.000100
quickprop_mu=1.750000
rprop_increase_factor=1.200000
rprop_decrease_factor=0.500000
rprop_delta_min=0.000000
rprop_delta_max=50.000000
rprop_delta_zero=0.100000
cascade_output_stagnation_epochs=12
cascade_candidate_change_fraction=0.010000
cascade_candidate_stagnation_epochs=12
cascade_max_out_epochs=150
cascade_max_cand_epochs=150
cascade_num_candidate_groups=2
bit_fail_limit=3.49999999999999977796e-01
cascade_candidate_limit=1.00000000000000000000e+03
cascade_weight_multiplier=4.00000000000000022204e-01
cascade_activation_functions_count=10
cascade_activation_functions=3 5 7 8 10 11 14 15 16 17 
cascade_activation_steepnesses_count=4
cascade_activation_steepnesses=2.50000000000000000000e-01 5.00000000000000000000e-01 7.50000000000000000000e-01 1.00000000000000000000e+00 
layer_sizes=8 6 3 
scale_included=0
neurons (num_inputs, activation_function, activation_steepness)=(0, 0, 0.00000000000000000000e+00) (0, 0, 0.00000000000000000000e+00) (0, 0, 0.00000000000000000000e+00) (0, 0, 0.00000000000000000000e+00) (0, 0, 0.00000000000000000000e+00) (0, 0, 0.00000000000000000000e+00) (0, 0, 0.00000000000000000000e+00) (0, 0, 0.00000000000000000000e+00) (8, 4, 5.00000000000000000000e-01) (8, 4, 5.00000000000000000000e-01) (8, 4, 5.00000000000000000000e-01) (8, 4, 5.00000000000000000000e-01) (8, 4, 5.00000000000000000000e-01) (0, 0, 0.00000000000000000000e+00) (6, 6, 5.00000000000000000000e-01) (6, 6, 5.00000000000000000000e-01) (0, 6, 0.00000000000000000000e+00) 
connections (connected_to_neuron, weight)=(0, 1.97092411280914973304e+02) (1, -1.56573896543029121631e+02) (2, 8.66898886916742128506e+01) (3, -1.30878142159700587399e+02) (4, 3.03676385444278551518e+01) (5, 1.03344063678597155587e+01) (6, -1.04889197629884336038e+02) (7, 6.92048156857930152341e+00) (0, 1.29285316615850760513e+01) (1, -2.71512679928779085969e+01) (2, 1.28487211233326164006e+01) (3, -8.24328356132383888166e+00) (4, 6.04788196899146157648e+00) (5, -1.63838006317763462683e+00) (6, -2.52881485274462711743e+01) (7, 3.21166097715334757368e+01) (0, 1.45421580261230360520e+03) (1, 7.13631271685149641826e+01) (2, 1.44124066352885029119e+03) (3, -6.18748198874000195246e+02) (4, -1.50000000000000000000e+03) (5, 8.04236681408562049000e+02) (6, -1.12496611262994747449e+03) (7, 2.80588703428227404402e+02) (0, -2.63004952202794184402e+00) (1, 1.36032638214143837274e+01) (2, -6.80751310113396179702e+00) (3, 3.13151663613626674021e-01) (4, -6.15621529567169911701e+00) (5, 1.75196354608176418921e+00) (6, 1.03600175903416369394e+00) (7, -4.62652012336280371585e+00) (0, 6.62599120957010114807e+01) (1, -3.61803009770733936534e+01) (2, -2.00321939220185996078e+01) (3, 1.95766444337916070140e+01) (4, -1.78088953018495068648e+01) (5, 8.57683009209886115798e+00) (6, 8.88523322547444678321e+01) (7, 2.21845198251925568300e+00) (8, 1.59782928650254429925e+00) (9, 2.76000518595507005060e+00) (10, -1.35503781969453607203e+00) (11, 2.49503400578037659585e+00) (12, -1.32095039669973401963e+00) (13, 7.83653399139419781783e-01) (8, -9.99271762406359398412e-01) (9, -3.82503974210122299482e+00) (10, 9.23229043011403516239e-01) (11, -2.79707691688281512299e+00) (12, 8.38741427599943967230e-01) (13, 3.55213757772864147100e+00) 
