FANN_FLO_2.1
num_layers=3
learning_rate=0.700000
connection_rate=1.000000
network_type=0
learning_momentum=0.000000
training_algorithm=2
train_error_function=1
train_stop_function=0
cascade_output_change_fraction=0.010000
quickprop_decay=-0.000100
quickprop_mu=1.750000
rprop_increase_factor=1.200000
rprop_decrease_factor=0.500000
rprop_delta_min=0.000000
rprop_delta_max=50.000000
rprop_delta_zero=0.100000
cascade_output_stagnation_epochs=12
cascade_candidate_change_fraction=0.010000
cascade_candidate_stagnation_epochs=12
cascade_max_out_epochs=150
cascade_max_cand_epochs=150
cascade_num_candidate_groups=2
bit_fail_limit=3.49999999999999977796e-01
cascade_candidate_limit=1.00000000000000000000e+03
cascade_weight_multiplier=4.00000000000000022204e-01
cascade_activation_functions_count=10
cascade_activation_functions=3 5 7 8 10 11 14 15 16 17 
cascade_activation_steepnesses_count=4
cascade_activation_steepnesses=2.50000000000000000000e-01 5.00000000000000000000e-01 7.50000000000000000000e-01 1.00000000000000000000e+00 
layer_sizes=8 6 2 
scale_included=0
neurons (num_inputs, activation_function, activation_steepness)=(0, 0, 0.00000000000000000000e+00) (0, 0, 0.00000000000000000000e+00) (0, 0, 0.00000000000000000000e+00) (0, 0, 0.00000000000000000000e+00) (0, 0, 0.00000000000000000000e+00) (0, 0, 0.00000000000000000000e+00) (0, 0, 0.00000000000000000000e+00) (0, 0, 0.00000000000000000000e+00) (8, 4, 5.00000000000000000000e-01) (8, 4, 5.00000000000000000000e-01) (8, 4, 5.00000000000000000000e-01) (8, 4, 5.00000000000000000000e-01) (8, 4, 5.00000000000000000000e-01) (0, 0, 0.00000000000000000000e+00) (6, 6, 5.00000000000000000000e-01) (0, 6, 0.00000000000000000000e+00) 
connections (connected_to_neuron, weight)=(0, -1.50000000000000000000e+03) (1, -1.50000000000000000000e+03) (2, -4.16385295591343890464e+02) (3, 9.51328939016697603392e+01) (4, 8.51114788029522060242e+02) (5, 1.01499126852713277458e+03) (6, -1.50000000000000000000e+03) (7, -2.36731165242050245467e+01) (0, -1.50000000000000000000e+03) (1, -1.50000000000000000000e+03) (2, -1.50000000000000000000e+03) (3, 9.22498820420449874291e+01) (4, 4.11565737721580944708e+02) (5, 1.50000000000000000000e+03) (6, -1.50000000000000000000e+03) (7, -1.65674459385260774980e+02) (0, -3.83045887275901151270e+01) (1, 1.05665115171501099667e+02) (2, -4.52700778155678804637e+01) (3, -1.85489341533533490747e+02) (4, 6.65610505844158097943e+01) (5, -2.66097796575967358024e+01) (6, 2.39753363785430657629e+01) (7, 8.79966341736876103141e+01) (0, 5.66690272384866844391e+01) (1, -1.95331516864351648621e+01) (2, 2.83342345048840336119e+01) (3, -3.81544945242446758016e+01) (4, 4.52911841249414379718e+01) (5, 6.89564516856059128713e+01) (6, 5.13505236068368660085e+01) (7, -8.27124748174348098928e+01) (0, -3.46542488291822166957e+02) (1, -7.17519444486526380977e-01) (2, 5.01697371649604292543e+02) (3, -2.21092765398474398353e+02) (4, 3.46836753155267096815e+00) (5, -1.50000000000000000000e+03) (6, 1.74722941378447615079e+02) (7, -1.02009594012256627593e+02) (8, 4.12519686466911894573e-01) (9, 5.38499037065473196151e-01) (10, 1.05627135398382021592e+00) (11, -9.50664162635007414792e-01) (12, -6.03072578602439346440e-01) (13, -2.13609961459623437507e-01) 
