FANN_FLO_2.1
num_layers=3
learning_rate=0.700000
connection_rate=1.000000
network_type=0
learning_momentum=0.000000
training_algorithm=2
train_error_function=1
train_stop_function=0
cascade_output_change_fraction=0.010000
quickprop_decay=-0.000100
quickprop_mu=1.750000
rprop_increase_factor=1.200000
rprop_decrease_factor=0.500000
rprop_delta_min=0.000000
rprop_delta_max=50.000000
rprop_delta_zero=0.100000
cascade_output_stagnation_epochs=12
cascade_candidate_change_fraction=0.010000
cascade_candidate_stagnation_epochs=12
cascade_max_out_epochs=150
cascade_max_cand_epochs=150
cascade_num_candidate_groups=2
bit_fail_limit=3.49999999999999977796e-01
cascade_candidate_limit=1.00000000000000000000e+03
cascade_weight_multiplier=4.00000000000000022204e-01
cascade_activation_functions_count=10
cascade_activation_functions=3 5 7 8 10 11 14 15 16 17 
cascade_activation_steepnesses_count=4
cascade_activation_steepnesses=2.50000000000000000000e-01 5.00000000000000000000e-01 7.50000000000000000000e-01 1.00000000000000000000e+00 
layer_sizes=8 8 2 
scale_included=0
neurons (num_inputs, activation_function, activation_steepness)=(0, 0, 0.00000000000000000000e+00) (0, 0, 0.00000000000000000000e+00) (0, 0, 0.00000000000000000000e+00) (0, 0, 0.00000000000000000000e+00) (0, 0, 0.00000000000000000000e+00) (0, 0, 0.00000000000000000000e+00) (0, 0, 0.00000000000000000000e+00) (0, 0, 0.00000000000000000000e+00) (8, 4, 5.00000000000000000000e-01) (8, 4, 5.00000000000000000000e-01) (8, 4, 5.00000000000000000000e-01) (8, 4, 5.00000000000000000000e-01) (8, 4, 5.00000000000000000000e-01) (8, 4, 5.00000000000000000000e-01) (8, 4, 5.00000000000000000000e-01) (0, 0, 0.00000000000000000000e+00) (8, 6, 5.00000000000000000000e-01) (0, 6, 0.00000000000000000000e+00) 
connections (connected_to_neuron, weight)=(0, -5.35839019536916566722e+02) (1, 1.35735681196092332357e+03) (2, 1.50000000000000000000e+03) (3, 1.50000000000000000000e+03) (4, -1.13999866664370142644e+03) (5, -1.50000000000000000000e+03) (6, -1.10231744811281237162e+03) (7, -1.12959104419254208551e+03) (0, 3.51918535712449269681e+01) (1, 3.87717612558989133120e+00) (2, 1.92296270662574819710e+01) (3, -1.68985362045641132056e+01) (4, -2.33223021154487391016e+01) (5, 5.67929287915982933255e-02) (6, 2.98714022426371492713e+01) (7, -1.25708773349405689146e+01) (0, -2.96524377180998044423e+01) (1, -5.02215651120863242340e+01) (2, 6.09307001344813770061e+01) (3, 5.40063110653579911968e+01) (4, -8.88194722521480883870e+01) (5, -1.11458391048334828355e+01) (6, -7.77013423578558075633e+01) (7, 4.20522744005442206117e+01) (0, 9.87213830361624104626e+02) (1, -1.50025396932410728823e+02) (2, -1.50000000000000000000e+03) (3, -1.31761009805375437054e+02) (4, -2.16189400728451545319e+02) (5, 1.88350510126495635177e+02) (6, 1.33286649922338165197e+03) (7, 3.05621934429334544348e+02) (0, 1.63787370334272708305e+01) (1, -3.70267707679370516871e+02) (2, 1.50000000000000000000e+03) (3, -1.32927445692094715923e+03) (4, 2.37842202189528194367e+02) (5, 1.71130254537354531408e+01) (6, -3.49331700907165796366e+01) (7, -1.81530103081591619230e+02) (0, 1.50000000000000000000e+03) (1, 5.30108215079827573391e+02) (2, -7.00356821124545660950e+01) (3, -5.56080323845525299475e+02) (4, -8.54402004101276929759e+02) (5, -1.43384389061381400943e+00) (6, 1.50000000000000000000e+03) (7, -6.38252857456851529605e+02) (0, 2.74983229845386233592e+02) (1, 1.50000000000000000000e+03) (2, 6.91139578563489294538e+02) (3, 3.26644211988074118835e+02) (4, -2.73728119928803835137e+02) (5, 1.32774157537663711537e+02) (6, -1.49518091537949544545e+03) (7, -6.98391015310869988753e+02) (8, 3.22319219174021287522e-01) (9, -3.31285186949434384829e+00) (10, 7.16015076224169821906e-01) (11, 8.64479111374996112005e-01) (12, 1.50307253594492862270e+00) (13, 2.75933272078241653702e+00) (14, 3.99068223974323843528e-01) (15, -6.77633517609896096623e-01) 
