FANN_FLO_2.1
num_layers=3
learning_rate=0.700000
connection_rate=1.000000
network_type=0
learning_momentum=0.000000
training_algorithm=2
train_error_function=1
train_stop_function=0
cascade_output_change_fraction=0.010000
quickprop_decay=-0.000100
quickprop_mu=1.750000
rprop_increase_factor=1.200000
rprop_decrease_factor=0.500000
rprop_delta_min=0.000000
rprop_delta_max=50.000000
rprop_delta_zero=0.100000
cascade_output_stagnation_epochs=12
cascade_candidate_change_fraction=0.010000
cascade_candidate_stagnation_epochs=12
cascade_max_out_epochs=150
cascade_max_cand_epochs=150
cascade_num_candidate_groups=2
bit_fail_limit=3.49999999999999977796e-01
cascade_candidate_limit=1.00000000000000000000e+03
cascade_weight_multiplier=4.00000000000000022204e-01
cascade_activation_functions_count=10
cascade_activation_functions=3 5 7 8 10 11 14 15 16 17 
cascade_activation_steepnesses_count=4
cascade_activation_steepnesses=2.50000000000000000000e-01 5.00000000000000000000e-01 7.50000000000000000000e-01 1.00000000000000000000e+00 
layer_sizes=8 8 2 
scale_included=0
neurons (num_inputs, activation_function, activation_steepness)=(0, 0, 0.00000000000000000000e+00) (0, 0, 0.00000000000000000000e+00) (0, 0, 0.00000000000000000000e+00) (0, 0, 0.00000000000000000000e+00) (0, 0, 0.00000000000000000000e+00) (0, 0, 0.00000000000000000000e+00) (0, 0, 0.00000000000000000000e+00) (0, 0, 0.00000000000000000000e+00) (8, 4, 5.00000000000000000000e-01) (8, 4, 5.00000000000000000000e-01) (8, 4, 5.00000000000000000000e-01) (8, 4, 5.00000000000000000000e-01) (8, 4, 5.00000000000000000000e-01) (8, 4, 5.00000000000000000000e-01) (8, 4, 5.00000000000000000000e-01) (0, 0, 0.00000000000000000000e+00) (8, 6, 5.00000000000000000000e-01) (0, 6, 0.00000000000000000000e+00) 
connections (connected_to_neuron, weight)=(0, -1.50000000000000000000e+03) (1, -2.58754118981033407465e+01) (2, -4.78165371579531779389e+02) (3, 7.59725633390542498091e+02) (4, 6.68857007061531703584e+02) (5, -1.47027913468718111289e+02) (6, 1.00275422711493786210e+03) (7, -4.85831611886595098326e+01) (0, 3.68611622920851189633e+01) (1, -2.99342227782837504435e+01) (2, 4.93049520420701412604e+01) (3, -1.13839855779076977171e+01) (4, -4.43728870100828043377e+00) (5, -1.08032646259518667620e+01) (6, -3.19932219853050874292e+01) (7, -1.68724738933397477858e+00) (0, 4.31450667224119186471e+01) (1, -1.42649176006557372176e+01) (2, 2.19591768375681226644e+01) (3, 4.15859187080989034513e+00) (4, -1.60156304409274374834e+00) (5, -3.09419638371090588436e+00) (6, -4.14301087122212194913e+01) (7, -7.23702172334303206469e+00) (0, -7.15987590744535964404e+02) (1, -1.01549239396460862395e+02) (2, 2.59356790352416339829e+02) (3, 3.70741678651072618322e+02) (4, 1.50000000000000000000e+03) (5, 2.68010680745625961663e+02) (6, -5.94740257546392513177e+02) (7, -8.81516284620825429919e-01) (0, -1.12665004414907929942e+01) (1, -8.85419972676853284099e+00) (2, -3.83780053549502042642e+00) (3, 1.21653924486288627094e+01) (4, 2.08782658704333066169e+01) (5, -3.84800436417731273053e+00) (6, 7.37773260243888273635e+00) (7, -2.52852600085765333304e+00) (0, 1.13962455676345803113e+03) (1, -6.00707601949137369957e+02) (2, -1.37613702941991277839e+03) (3, 5.39348061866695843491e+02) (4, 5.80977072404376713166e+02) (5, -6.43877125678276570397e+02) (6, -2.30042163277125766285e+01) (7, -2.19381528502214223408e+02) (0, 3.23476187587874974838e+01) (1, -5.01193166726311858383e+01) (2, 1.26083729567987479214e+01) (3, 5.68606110618005011759e+00) (4, 3.62871052616047240491e+00) (5, -1.01283948873030400506e+01) (6, 1.09283079236525537681e+01) (7, -1.05106720377584910153e+01) (8, 2.50605435140779153613e+00) (9, -2.19161642647599874678e+00) (10, 3.13872204085698758291e+00) (11, 1.90850563867413458574e+00) (12, -4.20974128189018514945e+00) (13, -2.22642845611088269209e+00) (14, 2.87635684208736064349e+00) (15, -2.73538294249207059039e-01) 
