FANN_FLO_2.1
num_layers=3
learning_rate=0.700000
connection_rate=1.000000
network_type=0
learning_momentum=0.000000
training_algorithm=2
train_error_function=1
train_stop_function=0
cascade_output_change_fraction=0.010000
quickprop_decay=-0.000100
quickprop_mu=1.750000
rprop_increase_factor=1.200000
rprop_decrease_factor=0.500000
rprop_delta_min=0.000000
rprop_delta_max=50.000000
rprop_delta_zero=0.100000
cascade_output_stagnation_epochs=12
cascade_candidate_change_fraction=0.010000
cascade_candidate_stagnation_epochs=12
cascade_max_out_epochs=150
cascade_max_cand_epochs=150
cascade_num_candidate_groups=2
bit_fail_limit=3.49999999999999977796e-01
cascade_candidate_limit=1.00000000000000000000e+03
cascade_weight_multiplier=4.00000000000000022204e-01
cascade_activation_functions_count=10
cascade_activation_functions=3 5 7 8 10 11 14 15 16 17 
cascade_activation_steepnesses_count=4
cascade_activation_steepnesses=2.50000000000000000000e-01 5.00000000000000000000e-01 7.50000000000000000000e-01 1.00000000000000000000e+00 
layer_sizes=8 6 2 
scale_included=0
neurons (num_inputs, activation_function, activation_steepness)=(0, 0, 0.00000000000000000000e+00) (0, 0, 0.00000000000000000000e+00) (0, 0, 0.00000000000000000000e+00) (0, 0, 0.00000000000000000000e+00) (0, 0, 0.00000000000000000000e+00) (0, 0, 0.00000000000000000000e+00) (0, 0, 0.00000000000000000000e+00) (0, 0, 0.00000000000000000000e+00) (8, 4, 5.00000000000000000000e-01) (8, 4, 5.00000000000000000000e-01) (8, 4, 5.00000000000000000000e-01) (8, 4, 5.00000000000000000000e-01) (8, 4, 5.00000000000000000000e-01) (0, 0, 0.00000000000000000000e+00) (6, 6, 5.00000000000000000000e-01) (0, 6, 0.00000000000000000000e+00) 
connections (connected_to_neuron, weight)=(0, 1.37293900730726477377e+03) (1, 6.51505418820302111271e+02) (2, -1.50000000000000000000e+03) (3, -3.92572391554694320348e+02) (4, 1.50000000000000000000e+03) (5, 4.83304142366725329794e+02) (6, -1.50000000000000000000e+03) (7, 5.92593828215255257419e+02) (0, 1.50000000000000000000e+03) (1, 1.50000000000000000000e+03) (2, 1.50000000000000000000e+03) (3, 1.50000000000000000000e+03) (4, -1.50000000000000000000e+03) (5, 1.50000000000000000000e+03) (6, 1.50000000000000000000e+03) (7, 3.35466615679646338322e+01) (0, 1.17463866410032355958e+01) (1, 2.70479757186403002578e+00) (2, 3.90114872539287418363e+01) (3, -3.36288422384922327524e+01) (4, -1.87995224363562805081e+01) (5, 4.61823887965858581595e+00) (6, -4.56176684770918896561e+01) (7, 3.43692306074052069675e+01) (0, 1.27860551963116897412e+01) (1, -3.59649628794822451283e+00) (2, -1.44240263172013509774e+01) (3, 1.79767653036152701418e+01) (4, -2.76697059802487244085e+00) (5, -2.92941827189060310932e-01) (6, -1.71373791334722049839e+01) (7, -4.13891730617999709096e+00) (0, -6.43511037396926042220e+01) (1, -1.14818546524852749258e+01) (2, 9.29617667600498407410e+01) (3, -1.51306180646246815513e+02) (4, 7.16683443048876540615e+01) (5, -1.14374469698110470262e+01) (6, 4.51735992332257083604e+01) (7, -7.61999012861777180738e-01) (8, -4.62670290880481782647e-01) (9, 4.18141198545592374103e+00) (10, 3.09529970450665015136e+00) (11, 3.73973047768843969152e+00) (12, 5.72739421188839137322e-01) (13, -6.89723051889355520672e+00) 
