FANN_FLO_2.1
num_layers=3
learning_rate=0.700000
connection_rate=1.000000
network_type=0
learning_momentum=0.000000
training_algorithm=2
train_error_function=1
train_stop_function=0
cascade_output_change_fraction=0.010000
quickprop_decay=-0.000100
quickprop_mu=1.750000
rprop_increase_factor=1.200000
rprop_decrease_factor=0.500000
rprop_delta_min=0.000000
rprop_delta_max=50.000000
rprop_delta_zero=0.100000
cascade_output_stagnation_epochs=12
cascade_candidate_change_fraction=0.010000
cascade_candidate_stagnation_epochs=12
cascade_max_out_epochs=150
cascade_max_cand_epochs=150
cascade_num_candidate_groups=2
bit_fail_limit=3.49999999999999977796e-01
cascade_candidate_limit=1.00000000000000000000e+03
cascade_weight_multiplier=4.00000000000000022204e-01
cascade_activation_functions_count=10
cascade_activation_functions=3 5 7 8 10 11 14 15 16 17 
cascade_activation_steepnesses_count=4
cascade_activation_steepnesses=2.50000000000000000000e-01 5.00000000000000000000e-01 7.50000000000000000000e-01 1.00000000000000000000e+00 
layer_sizes=8 8 2 
scale_included=0
neurons (num_inputs, activation_function, activation_steepness)=(0, 0, 0.00000000000000000000e+00) (0, 0, 0.00000000000000000000e+00) (0, 0, 0.00000000000000000000e+00) (0, 0, 0.00000000000000000000e+00) (0, 0, 0.00000000000000000000e+00) (0, 0, 0.00000000000000000000e+00) (0, 0, 0.00000000000000000000e+00) (0, 0, 0.00000000000000000000e+00) (8, 4, 5.00000000000000000000e-01) (8, 4, 5.00000000000000000000e-01) (8, 4, 5.00000000000000000000e-01) (8, 4, 5.00000000000000000000e-01) (8, 4, 5.00000000000000000000e-01) (8, 4, 5.00000000000000000000e-01) (8, 4, 5.00000000000000000000e-01) (0, 0, 0.00000000000000000000e+00) (8, 6, 5.00000000000000000000e-01) (0, 6, 0.00000000000000000000e+00) 
connections (connected_to_neuron, weight)=(0, -1.14095599034981250952e+03) (1, 1.50000000000000000000e+03) (2, -1.43825024525275864562e+02) (3, -1.46057627479600000697e+03) (4, 1.50000000000000000000e+03) (5, 1.50000000000000000000e+03) (6, 2.48590337676634788977e+02) (7, 8.44777040241261943265e+02) (0, -1.50000000000000000000e+03) (1, 6.46096177411546022995e+02) (2, -1.43835260082612537147e+00) (3, -4.45028780707109206105e+02) (4, 8.16740346439824293157e+02) (5, 1.50000000000000000000e+03) (6, -1.50000000000000000000e+03) (7, 2.17174532101422272490e+02) (0, 3.56065118042317596547e+00) (1, 2.21909098908422137697e+01) (2, -1.55318395783962337475e+01) (3, -1.47447881895205874514e+01) (4, -1.02268351576539693326e+01) (5, 3.55643474591592791967e+01) (6, -4.00423015857064896750e+01) (7, 1.37728277391538060925e+01) (0, 4.68740126407586998880e+00) (1, -2.16606855708247927339e+01) (2, 2.25471207422075936577e+00) (3, 1.21070380029401007960e+01) (4, 1.83486576505911038737e+01) (5, -3.33193163070826017247e+01) (6, 7.81954496403066023902e+00) (7, -1.80063884848920885418e+01) (0, -1.55138729606815406470e+01) (1, 1.66788014967449470305e+02) (2, -7.10754184090431095910e+01) (3, -1.82366983749413776650e+02) (4, 1.92722826305883387477e+02) (5, -1.26441084164449776495e+02) (6, -4.42397751010049020692e+01) (7, 8.42725322420579736615e+00) (0, -4.88553504862920640051e+00) (1, 1.16537832506411206168e+02) (2, -6.84585180022215098461e+01) (3, -5.30885845609018218738e+01) (4, 7.12214877786563391737e+01) (5, -4.47734410063546803826e+01) (6, -6.28601346532546134682e+00) (7, -2.51604479060119246014e+01) (0, 3.12241353046794323234e+00) (1, -9.84000352389314336676e+00) (2, 3.64966292142523869302e+01) (3, -2.23179423513715171623e+01) (4, 1.09578746814963121636e+01) (5, -4.66628469794272060511e+00) (6, -8.23506418652134719594e+00) (7, 3.53159801013196705810e+00) (8, -2.73485228104603272925e+00) (9, -2.54020162390347659098e+00) (10, 2.74724073206789620727e+00) (11, -2.13756347969484705729e+00) (12, 2.23296933540690956121e+00) (13, -1.87249868168724198370e+00) (14, 5.52818625595618495794e+00) (15, -2.84470444558086654752e+00) 
