FANN_FLO_2.1
num_layers=3
learning_rate=0.700000
connection_rate=1.000000
network_type=0
learning_momentum=0.000000
training_algorithm=2
train_error_function=1
train_stop_function=0
cascade_output_change_fraction=0.010000
quickprop_decay=-0.000100
quickprop_mu=1.750000
rprop_increase_factor=1.200000
rprop_decrease_factor=0.500000
rprop_delta_min=0.000000
rprop_delta_max=50.000000
rprop_delta_zero=0.100000
cascade_output_stagnation_epochs=12
cascade_candidate_change_fraction=0.010000
cascade_candidate_stagnation_epochs=12
cascade_max_out_epochs=150
cascade_max_cand_epochs=150
cascade_num_candidate_groups=2
bit_fail_limit=3.49999999999999977796e-01
cascade_candidate_limit=1.00000000000000000000e+03
cascade_weight_multiplier=4.00000000000000022204e-01
cascade_activation_functions_count=10
cascade_activation_functions=3 5 7 8 10 11 14 15 16 17 
cascade_activation_steepnesses_count=4
cascade_activation_steepnesses=2.50000000000000000000e-01 5.00000000000000000000e-01 7.50000000000000000000e-01 1.00000000000000000000e+00 
layer_sizes=8 8 2 
scale_included=0
neurons (num_inputs, activation_function, activation_steepness)=(0, 0, 0.00000000000000000000e+00) (0, 0, 0.00000000000000000000e+00) (0, 0, 0.00000000000000000000e+00) (0, 0, 0.00000000000000000000e+00) (0, 0, 0.00000000000000000000e+00) (0, 0, 0.00000000000000000000e+00) (0, 0, 0.00000000000000000000e+00) (0, 0, 0.00000000000000000000e+00) (8, 4, 5.00000000000000000000e-01) (8, 4, 5.00000000000000000000e-01) (8, 4, 5.00000000000000000000e-01) (8, 4, 5.00000000000000000000e-01) (8, 4, 5.00000000000000000000e-01) (8, 4, 5.00000000000000000000e-01) (8, 4, 5.00000000000000000000e-01) (0, 0, 0.00000000000000000000e+00) (8, 6, 5.00000000000000000000e-01) (0, 6, 0.00000000000000000000e+00) 
connections (connected_to_neuron, weight)=(0, 3.85507809838737713903e+01) (1, -1.27401317125848166256e+02) (2, -1.14334993727023970678e+02) (3, 1.93612246727159543980e+02) (4, 7.07104159652989494589e+01) (5, 1.04421456398950908806e+02) (6, 7.07822600194189988088e+01) (7, -1.59932222679711628643e+02) (0, 6.89615328106853212375e+02) (1, 1.84145350595405830063e+02) (2, -4.98014287247142306114e+02) (3, -3.69007634006335763388e+02) (4, 1.37009012329493998550e+03) (5, 7.84694141936293618755e+01) (6, -7.83918870520127256896e+02) (7, 4.46824018022897178071e+01) (0, 1.02115694286807001845e+03) (1, -1.50000000000000000000e+03) (2, 7.99006820781090937089e+02) (3, 3.00495937929536410138e+02) (4, -6.31833144365041832202e+01) (5, 1.24714864047485974652e+02) (6, -5.08753660382960731567e+02) (7, -1.72992353959251488504e+02) (0, -4.94529188052260906261e+01) (1, -3.31698136323438575346e+02) (2, 4.69265999161364220527e+02) (3, -5.52278443865202802954e+02) (4, 1.46470092188507646824e+03) (5, 1.50000000000000000000e+03) (6, -2.36157383644976768267e+01) (7, 1.68269654134803971601e+02) (0, 3.67304411420373071451e+01) (1, 8.20361650030549327539e+01) (2, -2.09493703085914688700e+01) (3, -2.15983988326626757726e+02) (4, -3.06943259578094284734e+02) (5, 1.26169342708448553481e+02) (6, -4.85189511695470798713e+01) (7, 1.75519939109142399047e+02) (0, 8.75022575241106608246e+01) (1, -4.33714250597491641770e+01) (2, 1.04105459236381925336e+01) (3, 6.97315046844290122863e+01) (4, 2.79260691420704745269e+01) (5, -1.12997447971490942109e+02) (6, -2.68352352639087037289e+01) (7, -1.26439683179036244098e+01) (0, 2.99877204976788362956e+01) (1, -1.94751708688919542567e+01) (2, -2.03918742213772326011e+01) (3, -1.28043891969367233941e+01) (4, 1.48240057891083381492e+02) (5, -1.26591360049962148082e+02) (6, -2.56257736067844845707e+01) (7, -5.13235130787313025280e+01) (8, -4.32481973427928545473e-01) (9, 3.74639561219154759719e-01) (10, 1.41229632515520964198e+00) (11, 6.39412499563821179471e-01) (12, 7.37236960848444367045e-01) (13, 8.48631985680722178422e-01) (14, 1.67583441153931422818e+00) (15, -1.79988637620880265189e+00) 
