FANN_FLO_2.1
num_layers=3
learning_rate=0.700000
connection_rate=1.000000
network_type=0
learning_momentum=0.000000
training_algorithm=2
train_error_function=1
train_stop_function=0
cascade_output_change_fraction=0.010000
quickprop_decay=-0.000100
quickprop_mu=1.750000
rprop_increase_factor=1.200000
rprop_decrease_factor=0.500000
rprop_delta_min=0.000000
rprop_delta_max=50.000000
rprop_delta_zero=0.100000
cascade_output_stagnation_epochs=12
cascade_candidate_change_fraction=0.010000
cascade_candidate_stagnation_epochs=12
cascade_max_out_epochs=150
cascade_max_cand_epochs=150
cascade_num_candidate_groups=2
bit_fail_limit=3.49999999999999977796e-01
cascade_candidate_limit=1.00000000000000000000e+03
cascade_weight_multiplier=4.00000000000000022204e-01
cascade_activation_functions_count=10
cascade_activation_functions=3 5 7 8 10 11 14 15 16 17 
cascade_activation_steepnesses_count=4
cascade_activation_steepnesses=2.50000000000000000000e-01 5.00000000000000000000e-01 7.50000000000000000000e-01 1.00000000000000000000e+00 
layer_sizes=8 8 2 
scale_included=0
neurons (num_inputs, activation_function, activation_steepness)=(0, 0, 0.00000000000000000000e+00) (0, 0, 0.00000000000000000000e+00) (0, 0, 0.00000000000000000000e+00) (0, 0, 0.00000000000000000000e+00) (0, 0, 0.00000000000000000000e+00) (0, 0, 0.00000000000000000000e+00) (0, 0, 0.00000000000000000000e+00) (0, 0, 0.00000000000000000000e+00) (8, 4, 5.00000000000000000000e-01) (8, 4, 5.00000000000000000000e-01) (8, 4, 5.00000000000000000000e-01) (8, 4, 5.00000000000000000000e-01) (8, 4, 5.00000000000000000000e-01) (8, 4, 5.00000000000000000000e-01) (8, 4, 5.00000000000000000000e-01) (0, 0, 0.00000000000000000000e+00) (8, 6, 5.00000000000000000000e-01) (0, 6, 0.00000000000000000000e+00) 
connections (connected_to_neuron, weight)=(0, 6.14344865711387244644e-01) (1, 2.08033182627783741481e+00) (2, -1.89809645060586640319e+00) (3, -4.27355857685382201083e+00) (4, -2.67314640137352999005e+00) (5, -1.93127338748804167068e+00) (6, -2.10748496484398772921e+00) (7, 5.47908776269607233900e+00) (0, 1.77402840060793991483e+01) (1, -1.35995124120267227852e+01) (2, -1.55522277582726919931e+00) (3, -2.43888810236307440604e+00) (4, -3.61638576817407386699e+00) (5, 3.44447835849689676380e+00) (6, -9.94260203107644890963e+00) (7, 5.46145389771746092578e+00) (0, -5.26483348194887490479e+00) (1, 3.15911649148086652872e+01) (2, 1.51170841125051879317e+02) (3, 6.71987311841198334150e+02) (4, -5.33533017383611110063e+01) (5, 5.68251633177348480785e+02) (6, -1.05028607901985787976e+03) (7, -1.89141273065379138529e+01) (0, 4.73730702673278880610e+00) (1, -1.04355309833956777510e+00) (2, -1.83744308069909068060e+00) (3, -5.87751039394895702372e+00) (4, -3.25665314472172306992e+00) (5, -2.16732444173386262776e+00) (6, -4.36996785755890293501e+00) (7, 8.16659383056691901004e+00) (0, 9.69139529708028391042e+01) (1, 7.10144051954515163061e+01) (2, 8.06400184334967633504e+01) (3, -8.71721979320369833033e+00) (4, 5.69667407736672473106e+01) (5, 2.63708201887271513897e+02) (6, -1.65053138804976185838e+02) (7, 3.46184483889143663760e+01) (0, -7.84475519232375795298e+00) (1, 4.74539062913234754859e+00) (2, 8.89816796954400324182e+00) (3, 2.45239581274821638601e+00) (4, 2.84192714325665374275e+00) (5, 6.20857071482837241660e+00) (6, 6.12443733964920067336e+00) (7, -7.80775977626921946495e+00) (0, 2.79125306993802610123e+02) (1, -6.60436670049428755647e+01) (2, 1.29791575238461263098e+02) (3, -2.96482294148386742449e+01) (4, -1.94289095510914648912e+01) (5, 7.52072390234256431540e+01) (6, -8.67119779681974875984e+01) (7, -6.51717650333446130162e+01) (8, -1.23536975847200416467e+01) (9, -3.08026963081980520442e+00) (10, 1.24102672466215691038e+00) (11, 1.12768776209624643769e+01) (12, 2.35543564847358544156e+00) (13, -2.90646519367663191957e+00) (14, 1.92117518561696187795e+00) (15, -1.49528315790511889816e+00) 
