FANN_FLO_2.1
num_layers=3
learning_rate=0.700000
connection_rate=1.000000
network_type=0
learning_momentum=0.000000
training_algorithm=2
train_error_function=1
train_stop_function=0
cascade_output_change_fraction=0.010000
quickprop_decay=-0.000100
quickprop_mu=1.750000
rprop_increase_factor=1.200000
rprop_decrease_factor=0.500000
rprop_delta_min=0.000000
rprop_delta_max=50.000000
rprop_delta_zero=0.100000
cascade_output_stagnation_epochs=12
cascade_candidate_change_fraction=0.010000
cascade_candidate_stagnation_epochs=12
cascade_max_out_epochs=150
cascade_max_cand_epochs=150
cascade_num_candidate_groups=2
bit_fail_limit=3.49999999999999977796e-01
cascade_candidate_limit=1.00000000000000000000e+03
cascade_weight_multiplier=4.00000000000000022204e-01
cascade_activation_functions_count=10
cascade_activation_functions=3 5 7 8 10 11 14 15 16 17 
cascade_activation_steepnesses_count=4
cascade_activation_steepnesses=2.50000000000000000000e-01 5.00000000000000000000e-01 7.50000000000000000000e-01 1.00000000000000000000e+00 
layer_sizes=8 8 2 
scale_included=0
neurons (num_inputs, activation_function, activation_steepness)=(0, 0, 0.00000000000000000000e+00) (0, 0, 0.00000000000000000000e+00) (0, 0, 0.00000000000000000000e+00) (0, 0, 0.00000000000000000000e+00) (0, 0, 0.00000000000000000000e+00) (0, 0, 0.00000000000000000000e+00) (0, 0, 0.00000000000000000000e+00) (0, 0, 0.00000000000000000000e+00) (8, 4, 5.00000000000000000000e-01) (8, 4, 5.00000000000000000000e-01) (8, 4, 5.00000000000000000000e-01) (8, 4, 5.00000000000000000000e-01) (8, 4, 5.00000000000000000000e-01) (8, 4, 5.00000000000000000000e-01) (8, 4, 5.00000000000000000000e-01) (0, 0, 0.00000000000000000000e+00) (8, 6, 5.00000000000000000000e-01) (0, 6, 0.00000000000000000000e+00) 
connections (connected_to_neuron, weight)=(0, -1.96754752133494137389e+00) (1, 7.30351512897667447533e+01) (2, 5.74580642725912937863e+00) (3, -3.42852099618120007563e+01) (4, -3.69654757500305422013e+01) (5, -8.20362158198874880100e+00) (6, 3.49368834624164534830e+01) (7, 2.05988042305861651649e-01) (0, -1.30155480957153707466e-01) (1, 7.70724547974078166845e+00) (2, -1.92413619177795638393e+01) (3, 1.66677630087112582657e+01) (4, -1.29937348263854950403e+01) (5, 1.90778506413149218091e+00) (6, 9.29727264226984650985e-02) (7, 5.13257132812861982529e+00) (0, -6.23443288718457040432e+01) (1, 4.76133400696606656766e+01) (2, 4.74233780986578565830e+01) (3, -8.95458305886342387225e+00) (4, -2.57015492294598232093e+02) (5, 6.16211958699974502451e+01) (6, 1.28882572170350925944e+02) (7, -7.18314022634103253040e+01) (0, -2.54572566206239741859e+02) (1, 3.86359096256747278630e+01) (2, -2.49336278508038532209e+02) (3, 1.37245551152413639784e+02) (4, -3.20877615701232286938e+02) (5, -1.25743327159267167303e+02) (6, 1.40193969017241784059e+02) (7, 1.25862359522783791022e+02) (0, -1.93393181816503112458e+00) (1, 1.69278171978319207369e+01) (2, -4.05843777210090550511e+01) (3, 3.67486335097356544566e+01) (4, -2.76541046848356906196e+01) (5, 4.88774454944925107469e+00) (6, 9.84569894556398206298e-01) (7, 8.48260921255803879149e+00) (0, 2.65489922735647922991e+01) (1, -6.86504663724502279365e+02) (2, 2.25040732331524878873e+02) (3, -1.23755513557269910052e+03) (4, -1.51322333299062648848e+02) (5, -4.86929343174827124585e+02) (6, 7.96069308583594988704e+02) (7, 2.40395564179102365188e+02) (0, 1.37399214503822520328e+02) (1, 8.38343239850453755935e+02) (2, 2.47190350668352095909e+02) (3, 1.28602319167343665640e+02) (4, -4.51535027544558261070e+02) (5, -6.37196631170799605570e+02) (6, 1.50000000000000000000e+03) (7, -3.87138536766402808098e+02) (8, 2.14285349802734481628e+00) (9, 1.06114672870957456041e+01) (10, -1.52944449626229017625e+00) (11, 2.94789532272269605429e+00) (12, -7.51820629892878855571e+00) (13, -2.43173360159426410476e+00) (14, -2.48900997928272760262e+00) (15, -2.17448836720656180077e+00) 
