FANN_FLO_2.1
num_layers=3
learning_rate=0.700000
connection_rate=1.000000
network_type=0
learning_momentum=0.000000
training_algorithm=2
train_error_function=1
train_stop_function=0
cascade_output_change_fraction=0.010000
quickprop_decay=-0.000100
quickprop_mu=1.750000
rprop_increase_factor=1.200000
rprop_decrease_factor=0.500000
rprop_delta_min=0.000000
rprop_delta_max=50.000000
rprop_delta_zero=0.100000
cascade_output_stagnation_epochs=12
cascade_candidate_change_fraction=0.010000
cascade_candidate_stagnation_epochs=12
cascade_max_out_epochs=150
cascade_max_cand_epochs=150
cascade_num_candidate_groups=2
bit_fail_limit=3.49999999999999977796e-01
cascade_candidate_limit=1.00000000000000000000e+03
cascade_weight_multiplier=4.00000000000000022204e-01
cascade_activation_functions_count=10
cascade_activation_functions=3 5 7 8 10 11 14 15 16 17 
cascade_activation_steepnesses_count=4
cascade_activation_steepnesses=2.50000000000000000000e-01 5.00000000000000000000e-01 7.50000000000000000000e-01 1.00000000000000000000e+00 
layer_sizes=8 6 3 
scale_included=0
neurons (num_inputs, activation_function, activation_steepness)=(0, 0, 0.00000000000000000000e+00) (0, 0, 0.00000000000000000000e+00) (0, 0, 0.00000000000000000000e+00) (0, 0, 0.00000000000000000000e+00) (0, 0, 0.00000000000000000000e+00) (0, 0, 0.00000000000000000000e+00) (0, 0, 0.00000000000000000000e+00) (0, 0, 0.00000000000000000000e+00) (8, 4, 5.00000000000000000000e-01) (8, 4, 5.00000000000000000000e-01) (8, 4, 5.00000000000000000000e-01) (8, 4, 5.00000000000000000000e-01) (8, 4, 5.00000000000000000000e-01) (0, 0, 0.00000000000000000000e+00) (6, 6, 5.00000000000000000000e-01) (6, 6, 5.00000000000000000000e-01) (0, 6, 0.00000000000000000000e+00) 
connections (connected_to_neuron, weight)=(0, -5.61581044122028227861e+00) (1, 9.69635118325417266760e+00) (2, 7.88361035421478906215e+00) (3, -1.97451738385356136973e+01) (4, -3.25868643014952052983e-01) (5, 1.83167200749076251043e+01) (6, -1.04060398958399478175e+01) (7, 3.64506357198494690408e+00) (0, 5.63516326922993623927e-02) (1, -6.34985240753128676872e-02) (2, -1.29099451422647559795e+00) (3, 3.94439204226649753338e+00) (4, 2.84171206686602229041e+00) (5, 4.29199028605705357187e-01) (6, -7.46189406162971358150e-01) (7, -1.93338492227496494547e-01) (0, -2.81831043981118668784e-02) (1, 4.79437442865745300224e+00) (2, 8.16642343537670872822e-02) (3, 2.27694542119191929430e+01) (4, 9.84148249199280122923e+00) (5, -3.69371566743767765217e+00) (6, -1.94932917387296953393e+01) (7, -4.05037440110779467517e-01) (0, 5.83467525260232822149e-01) (1, -3.09473833399742659367e-01) (2, 1.02481582911997426422e+00) (3, -2.58947447074477965501e+00) (4, -2.16049872908018558704e+00) (5, -3.57645622942770580188e-01) (6, 2.45142568116595821470e-01) (7, 6.50868234721298732914e-01) (0, 7.25277816007507567519e+01) (1, 4.22388821080287470977e+01) (2, 2.91736424504907994049e+01) (3, 1.99746975125765615644e+01) (4, -1.89018770800053594883e+01) (5, 1.68186358788812597709e+01) (6, 6.95465065166424238896e+01) (7, -2.52567854935761459956e+01) (8, 9.76950461062880304297e-01) (9, -3.52038064655113905332e-02) (10, 1.20025746792010146180e+00) (11, 3.74298526844472689845e+00) (12, -1.88535263790099905101e+00) (13, 4.43163759777035926035e-01) (8, -8.69728338206189555137e-01) (9, 2.28920959114521682665e+00) (10, -1.46100450501822654026e+00) (11, -1.87012736721071726187e+00) (12, 1.10063090548964526150e+00) (13, 3.84993048895607481441e-01) 
