FANN_FLO_2.1
num_layers=3
learning_rate=0.700000
connection_rate=1.000000
network_type=0
learning_momentum=0.000000
training_algorithm=2
train_error_function=1
train_stop_function=0
cascade_output_change_fraction=0.010000
quickprop_decay=-0.000100
quickprop_mu=1.750000
rprop_increase_factor=1.200000
rprop_decrease_factor=0.500000
rprop_delta_min=0.000000
rprop_delta_max=50.000000
rprop_delta_zero=0.100000
cascade_output_stagnation_epochs=12
cascade_candidate_change_fraction=0.010000
cascade_candidate_stagnation_epochs=12
cascade_max_out_epochs=150
cascade_max_cand_epochs=150
cascade_num_candidate_groups=2
bit_fail_limit=3.49999999999999977796e-01
cascade_candidate_limit=1.00000000000000000000e+03
cascade_weight_multiplier=4.00000000000000022204e-01
cascade_activation_functions_count=10
cascade_activation_functions=3 5 7 8 10 11 14 15 16 17 
cascade_activation_steepnesses_count=4
cascade_activation_steepnesses=2.50000000000000000000e-01 5.00000000000000000000e-01 7.50000000000000000000e-01 1.00000000000000000000e+00 
layer_sizes=8 7 3 
scale_included=0
neurons (num_inputs, activation_function, activation_steepness)=(0, 0, 0.00000000000000000000e+00) (0, 0, 0.00000000000000000000e+00) (0, 0, 0.00000000000000000000e+00) (0, 0, 0.00000000000000000000e+00) (0, 0, 0.00000000000000000000e+00) (0, 0, 0.00000000000000000000e+00) (0, 0, 0.00000000000000000000e+00) (0, 0, 0.00000000000000000000e+00) (8, 4, 5.00000000000000000000e-01) (8, 4, 5.00000000000000000000e-01) (8, 4, 5.00000000000000000000e-01) (8, 4, 5.00000000000000000000e-01) (8, 4, 5.00000000000000000000e-01) (8, 4, 5.00000000000000000000e-01) (0, 0, 0.00000000000000000000e+00) (7, 6, 5.00000000000000000000e-01) (7, 6, 5.00000000000000000000e-01) (0, 6, 0.00000000000000000000e+00) 
connections (connected_to_neuron, weight)=(0, 2.75274811658953638016e+02) (1, 2.14435971830225412305e+02) (2, 3.12479468276630143464e+02) (3, 1.06013128030690836567e+03) (4, 3.85370666826714398212e+02) (5, -2.79083868970642583918e+02) (6, -1.50000000000000000000e+03) (7, 1.41833298152166804584e+02) (0, 1.93407141905567698359e+02) (1, 7.10034985578978705689e+01) (2, 8.63169069459517857013e+01) (3, -4.03442512385416705456e+02) (4, 1.57617250772157291294e+02) (5, -5.43160011374300566445e+01) (6, -1.60585409392634801407e+02) (7, 5.07246902496197122900e+01) (0, -1.50000000000000000000e+03) (1, -1.50000000000000000000e+03) (2, -1.50000000000000000000e+03) (3, -1.48050043907556323575e+03) (4, 1.50000000000000000000e+03) (5, 1.49193062117473459693e+03) (6, -1.50000000000000000000e+03) (7, -3.00938693566625545373e+02) (0, -1.90660192674467509732e+02) (1, 1.18442173272596320999e+02) (2, -6.69184304118088402191e+00) (3, 9.96131879773450457094e+00) (4, -3.55260693248345447159e+01) (5, 3.81520506894500277539e+00) (6, 1.05870352575137633977e+01) (7, 5.84367956332259410601e+01) (0, -5.70641602884154281128e+02) (1, 5.55989268984017144248e+02) (2, -3.39397681813761892045e+02) (3, 1.50000000000000000000e+03) (4, 1.21971910091654450525e+02) (5, 3.47263994052890495823e+02) (6, 5.73668719942689676827e+02) (7, -7.10572176776202809378e+02) (0, 3.66677516825353393415e+01) (1, -1.07149512100458661479e+01) (2, 1.06788048481399506784e+01) (3, -2.40639941685025213758e+01) (4, 2.55596159293653215627e+01) (5, -9.47044305789455265199e+00) (6, -1.59022088630207942828e+01) (7, -6.86562208895234604711e+00) (8, 1.10282557380900070321e+00) (9, 1.03395711497488029806e+00) (10, 1.37653294973031248283e-01) (11, -7.70303395813945912529e-01) (12, -1.12599947348689011228e+00) (13, -1.52221284127061262659e+00) (14, 2.16345044299697830681e+00) (8, -1.34921207138188004038e+00) (9, -1.14943596402087488961e+00) (10, 4.60497890826147629473e-02) (11, 7.25252682463363718135e-01) (12, 8.19413881947743227840e-01) (13, 1.73641805168591423225e+00) (14, 7.81097486034799337595e-01) 
