FANN_FLO_2.1
num_layers=3
learning_rate=0.700000
connection_rate=1.000000
network_type=0
learning_momentum=0.000000
training_algorithm=2
train_error_function=1
train_stop_function=0
cascade_output_change_fraction=0.010000
quickprop_decay=-0.000100
quickprop_mu=1.750000
rprop_increase_factor=1.200000
rprop_decrease_factor=0.500000
rprop_delta_min=0.000000
rprop_delta_max=50.000000
rprop_delta_zero=0.100000
cascade_output_stagnation_epochs=12
cascade_candidate_change_fraction=0.010000
cascade_candidate_stagnation_epochs=12
cascade_max_out_epochs=150
cascade_max_cand_epochs=150
cascade_num_candidate_groups=2
bit_fail_limit=3.49999999999999977796e-01
cascade_candidate_limit=1.00000000000000000000e+03
cascade_weight_multiplier=4.00000000000000022204e-01
cascade_activation_functions_count=10
cascade_activation_functions=3 5 7 8 10 11 14 15 16 17 
cascade_activation_steepnesses_count=4
cascade_activation_steepnesses=2.50000000000000000000e-01 5.00000000000000000000e-01 7.50000000000000000000e-01 1.00000000000000000000e+00 
layer_sizes=8 6 2 
scale_included=0
neurons (num_inputs, activation_function, activation_steepness)=(0, 0, 0.00000000000000000000e+00) (0, 0, 0.00000000000000000000e+00) (0, 0, 0.00000000000000000000e+00) (0, 0, 0.00000000000000000000e+00) (0, 0, 0.00000000000000000000e+00) (0, 0, 0.00000000000000000000e+00) (0, 0, 0.00000000000000000000e+00) (0, 0, 0.00000000000000000000e+00) (8, 4, 5.00000000000000000000e-01) (8, 4, 5.00000000000000000000e-01) (8, 4, 5.00000000000000000000e-01) (8, 4, 5.00000000000000000000e-01) (8, 4, 5.00000000000000000000e-01) (0, 0, 0.00000000000000000000e+00) (6, 6, 5.00000000000000000000e-01) (0, 6, 0.00000000000000000000e+00) 
connections (connected_to_neuron, weight)=(0, -9.07851399290289862165e+01) (1, -4.39913221345333980139e+01) (2, -3.47697473619224808772e+02) (3, -3.40661028450643414089e+02) (4, -7.96295817248988896608e+02) (5, 8.75859569195332255731e+02) (6, 1.45392169147085752456e+02) (7, -2.18093073084190763211e+02) (0, -4.63545388084301279719e+01) (1, 1.74316984525018412455e+01) (2, 3.40847288677347592056e+02) (3, -3.30411341028387937513e+02) (4, 1.50000000000000000000e+03) (5, 8.02926831674874279088e+02) (6, 7.62168596777895999139e+01) (7, 1.13742663104599373014e+02) (0, 2.25311013523558578697e+00) (1, 1.02789408505023107665e+01) (2, -4.73486605443619268385e+00) (3, 4.38020813991573731982e+01) (4, 1.80879084784094033012e+01) (5, -9.13492906538930249383e+00) (6, -3.32764418081288937401e+01) (7, -4.67685565308358786041e+00) (0, 1.12156465577637098896e+00) (1, -1.09753639534702407410e+00) (2, 1.27257379377172608059e+00) (3, -4.67416090781078885641e+00) (4, -1.84637468110058811099e+00) (5, 1.05859195308775966282e+00) (6, 2.59080763389867185786e-01) (7, 1.15261883478249327339e+00) (0, 9.53125250794011869004e+00) (1, -2.08014089751236532777e+01) (2, -8.92855298516449025215e+00) (3, -7.91881772620471746649e+00) (4, 9.25504005487100656069e+00) (5, -5.56866958630331243540e+00) (6, -1.03728089817158149799e+02) (7, 5.20278655461178729524e+00) (8, -2.42619254463274724998e+00) (9, -1.23074920230148299183e+00) (10, 1.64615152352464066965e+00) (11, 4.85136000344952833530e+00) (12, 3.58049983821665263051e+00) (13, -1.61291657583543912580e+00) 
