FANN_FLO_2.1
num_layers=3
learning_rate=0.700000
connection_rate=1.000000
network_type=0
learning_momentum=0.000000
training_algorithm=2
train_error_function=1
train_stop_function=0
cascade_output_change_fraction=0.010000
quickprop_decay=-0.000100
quickprop_mu=1.750000
rprop_increase_factor=1.200000
rprop_decrease_factor=0.500000
rprop_delta_min=0.000000
rprop_delta_max=50.000000
rprop_delta_zero=0.100000
cascade_output_stagnation_epochs=12
cascade_candidate_change_fraction=0.010000
cascade_candidate_stagnation_epochs=12
cascade_max_out_epochs=150
cascade_max_cand_epochs=150
cascade_num_candidate_groups=2
bit_fail_limit=3.49999999999999977796e-01
cascade_candidate_limit=1.00000000000000000000e+03
cascade_weight_multiplier=4.00000000000000022204e-01
cascade_activation_functions_count=10
cascade_activation_functions=3 5 7 8 10 11 14 15 16 17 
cascade_activation_steepnesses_count=4
cascade_activation_steepnesses=2.50000000000000000000e-01 5.00000000000000000000e-01 7.50000000000000000000e-01 1.00000000000000000000e+00 
layer_sizes=8 8 2 
scale_included=0
neurons (num_inputs, activation_function, activation_steepness)=(0, 0, 0.00000000000000000000e+00) (0, 0, 0.00000000000000000000e+00) (0, 0, 0.00000000000000000000e+00) (0, 0, 0.00000000000000000000e+00) (0, 0, 0.00000000000000000000e+00) (0, 0, 0.00000000000000000000e+00) (0, 0, 0.00000000000000000000e+00) (0, 0, 0.00000000000000000000e+00) (8, 4, 5.00000000000000000000e-01) (8, 4, 5.00000000000000000000e-01) (8, 4, 5.00000000000000000000e-01) (8, 4, 5.00000000000000000000e-01) (8, 4, 5.00000000000000000000e-01) (8, 4, 5.00000000000000000000e-01) (8, 4, 5.00000000000000000000e-01) (0, 0, 0.00000000000000000000e+00) (8, 6, 5.00000000000000000000e-01) (0, 6, 0.00000000000000000000e+00) 
connections (connected_to_neuron, weight)=(0, -2.28285631095634151677e+01) (1, 2.41844983323122590946e+02) (2, -7.11001356698070480888e+02) (3, -1.50000000000000000000e+03) (4, 8.20067472395534338148e+01) (5, 4.96919613959827472627e+02) (6, -4.41021081922912912887e+02) (7, 1.02313601704418761074e+03) (0, 4.18775279261750510429e-01) (1, -2.26781175392805423030e+01) (2, 2.74011792812498420346e+01) (3, -7.40472600847176209982e+01) (4, -3.18208103261549268836e+01) (5, 7.70721311936654362995e+00) (6, 4.44923932383340314800e+01) (7, 2.64628022231269568465e+01) (0, -7.30154849618584194104e+02) (1, 4.14025556693725491186e+02) (2, -9.66453247905778169979e+01) (3, 1.26541894399316461772e+02) (4, -2.04618254956624184615e+02) (5, 1.16324185110400875942e+02) (6, 3.21728744673373284968e+02) (7, -3.47133343218624901283e+01) (0, 1.32380525233186199330e+03) (1, -4.09543050184469109354e+02) (2, -1.50000000000000000000e+03) (3, -1.50000000000000000000e+03) (4, 5.00779366716443163909e+01) (5, 1.33834043057376248953e+02) (6, 1.50000000000000000000e+03) (7, 1.14242652268826759610e+02) (0, -1.50000000000000000000e+03) (1, 1.41862948795482930109e+03) (2, 1.50000000000000000000e+03) (3, 4.08364228603271726570e+02) (4, -2.65164028423266472601e+02) (5, -7.66363222812372896442e+02) (6, -1.50000000000000000000e+03) (7, 5.00699638828695469783e+02) (0, 1.50000000000000000000e+03) (1, 1.50000000000000000000e+03) (2, -1.50000000000000000000e+03) (3, 7.25015770821802902901e+02) (4, 1.49958602477906470085e+03) (5, -4.99307929996770610614e+02) (6, 1.50000000000000000000e+03) (7, -6.04355794574995684343e+02) (0, -1.50000000000000000000e+03) (1, -7.36329767489501136879e+02) (2, 3.39318271283116530412e+02) (3, 1.81897842151471309080e+02) (4, 4.56923682569526874886e+02) (5, -4.53925669554395767591e+02) (6, -1.50000000000000000000e+03) (7, 8.33914856483097963746e+01) (8, 1.08490981077035852920e+00) (9, 1.12131542293987207515e+00) (10, -9.46217318198874557389e-01) (11, -5.35273115490137341155e-01) (12, 7.45200044737958644525e-01) (13, -5.04439053056871533620e-01) (14, 9.65794061708781348408e-01) (15, -7.59278849638762243224e-01) 
