FANN_FLO_2.1
num_layers=3
learning_rate=0.700000
connection_rate=1.000000
network_type=0
learning_momentum=0.000000
training_algorithm=2
train_error_function=1
train_stop_function=0
cascade_output_change_fraction=0.010000
quickprop_decay=-0.000100
quickprop_mu=1.750000
rprop_increase_factor=1.200000
rprop_decrease_factor=0.500000
rprop_delta_min=0.000000
rprop_delta_max=50.000000
rprop_delta_zero=0.100000
cascade_output_stagnation_epochs=12
cascade_candidate_change_fraction=0.010000
cascade_candidate_stagnation_epochs=12
cascade_max_out_epochs=150
cascade_max_cand_epochs=150
cascade_num_candidate_groups=2
bit_fail_limit=3.49999999999999977796e-01
cascade_candidate_limit=1.00000000000000000000e+03
cascade_weight_multiplier=4.00000000000000022204e-01
cascade_activation_functions_count=10
cascade_activation_functions=3 5 7 8 10 11 14 15 16 17 
cascade_activation_steepnesses_count=4
cascade_activation_steepnesses=2.50000000000000000000e-01 5.00000000000000000000e-01 7.50000000000000000000e-01 1.00000000000000000000e+00 
layer_sizes=8 6 3 
scale_included=0
neurons (num_inputs, activation_function, activation_steepness)=(0, 0, 0.00000000000000000000e+00) (0, 0, 0.00000000000000000000e+00) (0, 0, 0.00000000000000000000e+00) (0, 0, 0.00000000000000000000e+00) (0, 0, 0.00000000000000000000e+00) (0, 0, 0.00000000000000000000e+00) (0, 0, 0.00000000000000000000e+00) (0, 0, 0.00000000000000000000e+00) (8, 4, 5.00000000000000000000e-01) (8, 4, 5.00000000000000000000e-01) (8, 4, 5.00000000000000000000e-01) (8, 4, 5.00000000000000000000e-01) (8, 4, 5.00000000000000000000e-01) (0, 0, 0.00000000000000000000e+00) (6, 6, 5.00000000000000000000e-01) (6, 6, 5.00000000000000000000e-01) (0, 6, 0.00000000000000000000e+00) 
connections (connected_to_neuron, weight)=(0, -7.50118438151518773793e+00) (1, 7.66383162474799117803e+00) (2, -2.99443170569036531958e+00) (3, -5.47205273398195402024e+00) (4, 3.69763958484936505755e+00) (5, -1.19368425305302650052e+00) (6, -2.74609292264533433325e+00) (7, 4.72710337677295378001e+00) (0, 7.55826166811761055442e+01) (1, 6.05211346884515677402e+01) (2, 6.88404114737250836242e+01) (3, 2.82131837897315790542e+02) (4, 1.01256605793386896153e+02) (5, -7.28890499471102799589e+01) (6, -3.93125713586475285410e+02) (7, 3.61000386651336171440e+01) (0, -1.50000000000000000000e+03) (1, -1.50000000000000000000e+03) (2, -1.50000000000000000000e+03) (3, 1.49631275575105132702e+03) (4, -3.40305960536030454477e+02) (5, 2.39356533469863990149e+02) (6, -1.50000000000000000000e+03) (7, 1.76641228797216712110e+02) (0, -1.20497609545156230126e+01) (1, 1.20776245511285225120e+01) (2, -5.35899900859951117127e+00) (3, -4.60823181176414298221e+00) (4, 6.18591975680055217168e+00) (5, -2.40349832050296408070e+00) (6, -3.89401509395601541641e+00) (7, 5.75316383418024823726e+00) (0, -7.13980605297734655323e+02) (1, 2.10821094861594275471e+02) (2, 3.27434530541574531526e+02) (3, -5.37001027982798177618e+02) (4, 1.50000000000000000000e+03) (5, 1.50000000000000000000e+03) (6, 9.31147941994031839386e+02) (7, 1.65745372934726674430e+02) (8, 7.52822663394588431629e+00) (9, 8.87763948838259819851e-01) (10, 1.37829068890751282872e+00) (11, -6.33794524040954510014e+00) (12, -1.16191243586147718858e+00) (13, 1.08291773469829544219e+00) (8, -6.85275314045906469573e+00) (9, -1.12575862838553497625e+00) (10, -5.97699021889141035579e-01) (11, 5.83025260862324756772e+00) (12, 8.84060341706216501478e-01) (13, 1.73955856935961383769e+00) 
