FANN_FLO_2.1
num_layers=3
learning_rate=0.700000
connection_rate=1.000000
network_type=0
learning_momentum=0.000000
training_algorithm=2
train_error_function=1
train_stop_function=0
cascade_output_change_fraction=0.010000
quickprop_decay=-0.000100
quickprop_mu=1.750000
rprop_increase_factor=1.200000
rprop_decrease_factor=0.500000
rprop_delta_min=0.000000
rprop_delta_max=50.000000
rprop_delta_zero=0.100000
cascade_output_stagnation_epochs=12
cascade_candidate_change_fraction=0.010000
cascade_candidate_stagnation_epochs=12
cascade_max_out_epochs=150
cascade_max_cand_epochs=150
cascade_num_candidate_groups=2
bit_fail_limit=3.49999999999999977796e-01
cascade_candidate_limit=1.00000000000000000000e+03
cascade_weight_multiplier=4.00000000000000022204e-01
cascade_activation_functions_count=10
cascade_activation_functions=3 5 7 8 10 11 14 15 16 17 
cascade_activation_steepnesses_count=4
cascade_activation_steepnesses=2.50000000000000000000e-01 5.00000000000000000000e-01 7.50000000000000000000e-01 1.00000000000000000000e+00 
layer_sizes=8 6 3 
scale_included=0
neurons (num_inputs, activation_function, activation_steepness)=(0, 0, 0.00000000000000000000e+00) (0, 0, 0.00000000000000000000e+00) (0, 0, 0.00000000000000000000e+00) (0, 0, 0.00000000000000000000e+00) (0, 0, 0.00000000000000000000e+00) (0, 0, 0.00000000000000000000e+00) (0, 0, 0.00000000000000000000e+00) (0, 0, 0.00000000000000000000e+00) (8, 4, 5.00000000000000000000e-01) (8, 4, 5.00000000000000000000e-01) (8, 4, 5.00000000000000000000e-01) (8, 4, 5.00000000000000000000e-01) (8, 4, 5.00000000000000000000e-01) (0, 0, 0.00000000000000000000e+00) (6, 6, 5.00000000000000000000e-01) (6, 6, 5.00000000000000000000e-01) (0, 6, 0.00000000000000000000e+00) 
connections (connected_to_neuron, weight)=(0, 3.46772041833533206656e+00) (1, 7.44156883910132349591e-01) (2, -1.88731401209075028147e-01) (3, -7.28763776683102726395e+00) (4, -7.69776512175343180511e-02) (5, 1.40586481867865709106e-01) (6, 4.85330952751671984569e-01) (7, 1.41535639808660768102e-01) (0, 7.35443467833280095647e+00) (1, 1.22332105219389163153e+02) (2, -4.56900847769390772157e+00) (3, 2.96337935483528491787e+00) (4, 1.49998880715936888919e+03) (5, 1.69986800381380675162e+02) (6, -3.14038708954597325373e+02) (7, 3.15175005141945785425e+00) (0, 9.07065415527769225434e+00) (1, 2.01075432393206199322e+01) (2, -3.55537545707542008699e+01) (3, 1.63047826638404974586e-01) (4, -1.04711428767721166366e+01) (5, -1.15003542385581898344e+01) (6, -7.03587081221137680132e+01) (7, 2.21491031807658735886e+01) (0, -4.54094329253260028945e-02) (1, -1.30575447816006429136e+00) (2, -2.14171886230290331454e+00) (3, -1.12436929893664991909e+01) (4, -3.65463917197033616446e+00) (5, 1.30544328567639178473e+00) (6, 1.09668737380363889855e+01) (7, -1.15986247182365898034e+00) (0, -2.65769961618769201550e+00) (1, -3.99742978946172877741e+00) (2, 7.61296962669229859699e-01) (3, 1.49295803333012999659e+00) (4, -3.13303370149689008883e+00) (5, 1.30701227245705364766e+00) (6, 3.18971193616959558526e+00) (7, 1.35196624572332479985e+00) (8, 2.77730018338885376039e+00) (9, -7.25808965498294877960e-01) (10, 1.99014670635911539165e+00) (11, -2.48351167012558082803e+00) (12, 1.40347169510174474283e+00) (13, 7.20032723367194482655e-01) (8, -2.85777111471691824818e+00) (9, 1.01280803392213436531e+00) (10, -1.17590180149437828483e+00) (11, 3.13660721222669014452e+00) (12, -1.25061366122377526366e+00) (13, 1.22432223477001533851e+00) 
