FANN_FLO_2.1
num_layers=3
learning_rate=0.700000
connection_rate=1.000000
network_type=0
learning_momentum=0.000000
training_algorithm=2
train_error_function=1
train_stop_function=0
cascade_output_change_fraction=0.010000
quickprop_decay=-0.000100
quickprop_mu=1.750000
rprop_increase_factor=1.200000
rprop_decrease_factor=0.500000
rprop_delta_min=0.000000
rprop_delta_max=50.000000
rprop_delta_zero=0.100000
cascade_output_stagnation_epochs=12
cascade_candidate_change_fraction=0.010000
cascade_candidate_stagnation_epochs=12
cascade_max_out_epochs=150
cascade_max_cand_epochs=150
cascade_num_candidate_groups=2
bit_fail_limit=3.49999999999999977796e-01
cascade_candidate_limit=1.00000000000000000000e+03
cascade_weight_multiplier=4.00000000000000022204e-01
cascade_activation_functions_count=10
cascade_activation_functions=3 5 7 8 10 11 14 15 16 17 
cascade_activation_steepnesses_count=4
cascade_activation_steepnesses=2.50000000000000000000e-01 5.00000000000000000000e-01 7.50000000000000000000e-01 1.00000000000000000000e+00 
layer_sizes=8 5 3 
scale_included=0
neurons (num_inputs, activation_function, activation_steepness)=(0, 0, 0.00000000000000000000e+00) (0, 0, 0.00000000000000000000e+00) (0, 0, 0.00000000000000000000e+00) (0, 0, 0.00000000000000000000e+00) (0, 0, 0.00000000000000000000e+00) (0, 0, 0.00000000000000000000e+00) (0, 0, 0.00000000000000000000e+00) (0, 0, 0.00000000000000000000e+00) (8, 4, 5.00000000000000000000e-01) (8, 4, 5.00000000000000000000e-01) (8, 4, 5.00000000000000000000e-01) (8, 4, 5.00000000000000000000e-01) (0, 0, 0.00000000000000000000e+00) (5, 6, 5.00000000000000000000e-01) (5, 6, 5.00000000000000000000e-01) (0, 6, 0.00000000000000000000e+00) 
connections (connected_to_neuron, weight)=(0, 1.69614028654369448645e+01) (1, -1.11845531349195841386e+01) (2, -1.66222020197035269540e+00) (3, 1.57724805712332400986e+01) (4, 7.35651399083123358480e+00) (5, -5.19516195661355162372e+00) (6, -1.66722101297770031181e+01) (7, 2.03980692661088847117e+00) (0, -1.18799076163914904214e+02) (1, -1.50000000000000000000e+03) (2, -1.50000000000000000000e+03) (3, -1.50000000000000000000e+03) (4, -1.50000000000000000000e+03) (5, 1.24067607526363735815e+03) (6, 1.40350319836112430494e+03) (7, 1.29658945552210775531e+03) (0, 1.50000000000000000000e+03) (1, 1.50000000000000000000e+03) (2, 1.50000000000000000000e+03) (3, 1.50000000000000000000e+03) (4, 1.50000000000000000000e+03) (5, 1.50000000000000000000e+03) (6, 1.50000000000000000000e+03) (7, -1.49735593485004869763e+03) (0, 1.88755555077252353158e+02) (1, -2.96256148139624542637e+02) (2, -6.40741433299114930833e+01) (3, 3.41843526269196956946e+02) (4, 9.49236836557024901140e+01) (5, -8.01049869340818077035e+01) (6, -4.09600143784422883186e+01) (7, -2.59140355106277873176e+01) (8, 2.03382310083658923716e+00) (9, 4.19178234866516674639e-01) (10, -1.24558282371383866050e+00) (11, -1.24609413715864358885e+00) (12, 1.65526816867912751619e+00) (8, -2.30072882346697449307e+00) (9, -1.98025984090661549830e-01) (10, 5.98311527464487125094e-01) (11, 1.09955456891342451264e+00) (12, 1.65924947194869099043e+00) 
