FANN_FLO_2.1
num_layers=3
learning_rate=0.700000
connection_rate=1.000000
network_type=0
learning_momentum=0.000000
training_algorithm=2
train_error_function=1
train_stop_function=0
cascade_output_change_fraction=0.010000
quickprop_decay=-0.000100
quickprop_mu=1.750000
rprop_increase_factor=1.200000
rprop_decrease_factor=0.500000
rprop_delta_min=0.000000
rprop_delta_max=50.000000
rprop_delta_zero=0.100000
cascade_output_stagnation_epochs=12
cascade_candidate_change_fraction=0.010000
cascade_candidate_stagnation_epochs=12
cascade_max_out_epochs=150
cascade_max_cand_epochs=150
cascade_num_candidate_groups=2
bit_fail_limit=3.49999999999999977796e-01
cascade_candidate_limit=1.00000000000000000000e+03
cascade_weight_multiplier=4.00000000000000022204e-01
cascade_activation_functions_count=10
cascade_activation_functions=3 5 7 8 10 11 14 15 16 17 
cascade_activation_steepnesses_count=4
cascade_activation_steepnesses=2.50000000000000000000e-01 5.00000000000000000000e-01 7.50000000000000000000e-01 1.00000000000000000000e+00 
layer_sizes=8 6 3 
scale_included=0
neurons (num_inputs, activation_function, activation_steepness)=(0, 0, 0.00000000000000000000e+00) (0, 0, 0.00000000000000000000e+00) (0, 0, 0.00000000000000000000e+00) (0, 0, 0.00000000000000000000e+00) (0, 0, 0.00000000000000000000e+00) (0, 0, 0.00000000000000000000e+00) (0, 0, 0.00000000000000000000e+00) (0, 0, 0.00000000000000000000e+00) (8, 4, 5.00000000000000000000e-01) (8, 4, 5.00000000000000000000e-01) (8, 4, 5.00000000000000000000e-01) (8, 4, 5.00000000000000000000e-01) (8, 4, 5.00000000000000000000e-01) (0, 0, 0.00000000000000000000e+00) (6, 6, 5.00000000000000000000e-01) (6, 6, 5.00000000000000000000e-01) (0, 6, 0.00000000000000000000e+00) 
connections (connected_to_neuron, weight)=(0, 7.34845910667621726731e-01) (1, -1.51695902421853356934e+00) (2, -3.28981963405309096871e+00) (3, 2.68146868695283813189e-01) (4, -2.52311233316833916085e-01) (5, -7.98798093249052487685e-01) (6, 1.89242571438495499336e+00) (7, 3.08285366519086223569e-01) (0, 6.16569705855036565012e-01) (1, -3.59906959842827278706e-01) (2, 2.95599814544491934498e+00) (3, -1.53317280594250111153e-02) (4, -5.30186703348582533124e-01) (5, 2.59267325161559425428e-01) (6, -1.53057812309347940349e+00) (7, 1.42359569496644827735e-01) (0, -2.96209985814059795217e+00) (1, 2.55669917962641726206e+01) (2, -1.70451197927936526355e+00) (3, 2.62945290369839348443e+01) (4, 8.99624980634449542549e+01) (5, 4.03086777020877988775e+01) (6, 1.69857165301856980477e+01) (7, -2.23626942293443597976e+01) (0, -4.59031775465598493313e-02) (1, -2.52639744343376326796e+00) (2, -5.33395473575687173451e+00) (3, 9.39022458094097123293e-01) (4, 2.03202236398338653700e+00) (5, 3.27394372795602972559e+00) (6, 2.16226909085693197454e+00) (7, -8.94044204862547153834e-02) (0, 2.44993136827695145996e+00) (1, -8.87753549126039209760e-01) (2, -7.69132197304311748809e+00) (3, -9.26396125871709408273e+00) (4, 3.41425647018719091719e+00) (5, 3.67782350567508364847e+00) (6, -2.41435647237079642480e+00) (7, 5.79044957285238837130e+00) (8, 3.51869627222082259621e-01) (9, 2.30971251702648538995e+00) (10, -1.08929518239487488351e+00) (11, -1.94252534534513943143e+00) (12, 2.35391603432617557701e+00) (13, 4.69125761600885260449e-01) (8, 9.55971338997238295754e-01) (9, -5.16664691596081304681e-01) (10, 7.66931627684485417440e-01) (11, 2.29731225093983937313e+00) (12, -2.36696395611490917332e+00) (13, 4.61759143852121523022e-01) 
