FANN_FLO_2.1
num_layers=3
learning_rate=0.700000
connection_rate=1.000000
network_type=0
learning_momentum=0.000000
training_algorithm=2
train_error_function=1
train_stop_function=0
cascade_output_change_fraction=0.010000
quickprop_decay=-0.000100
quickprop_mu=1.750000
rprop_increase_factor=1.200000
rprop_decrease_factor=0.500000
rprop_delta_min=0.000000
rprop_delta_max=50.000000
rprop_delta_zero=0.100000
cascade_output_stagnation_epochs=12
cascade_candidate_change_fraction=0.010000
cascade_candidate_stagnation_epochs=12
cascade_max_out_epochs=150
cascade_max_cand_epochs=150
cascade_num_candidate_groups=2
bit_fail_limit=3.49999999999999977796e-01
cascade_candidate_limit=1.00000000000000000000e+03
cascade_weight_multiplier=4.00000000000000022204e-01
cascade_activation_functions_count=10
cascade_activation_functions=3 5 7 8 10 11 14 15 16 17 
cascade_activation_steepnesses_count=4
cascade_activation_steepnesses=2.50000000000000000000e-01 5.00000000000000000000e-01 7.50000000000000000000e-01 1.00000000000000000000e+00 
layer_sizes=8 6 3 
scale_included=0
neurons (num_inputs, activation_function, activation_steepness)=(0, 0, 0.00000000000000000000e+00) (0, 0, 0.00000000000000000000e+00) (0, 0, 0.00000000000000000000e+00) (0, 0, 0.00000000000000000000e+00) (0, 0, 0.00000000000000000000e+00) (0, 0, 0.00000000000000000000e+00) (0, 0, 0.00000000000000000000e+00) (0, 0, 0.00000000000000000000e+00) (8, 4, 5.00000000000000000000e-01) (8, 4, 5.00000000000000000000e-01) (8, 4, 5.00000000000000000000e-01) (8, 4, 5.00000000000000000000e-01) (8, 4, 5.00000000000000000000e-01) (0, 0, 0.00000000000000000000e+00) (6, 6, 5.00000000000000000000e-01) (6, 6, 5.00000000000000000000e-01) (0, 6, 0.00000000000000000000e+00) 
connections (connected_to_neuron, weight)=(0, 1.13357062160202914924e+00) (1, -1.07528117316179372409e+00) (2, 7.61720579498107230876e-01) (3, -4.43244048603913143314e-01) (4, -1.16358321975853473695e+00) (5, 1.31139217471679780935e-01) (6, -8.57723762623006313888e-01) (7, 6.61147023677212453130e-01) (0, -4.62893230327932558854e-01) (1, -8.36268402844100364746e+01) (2, 2.14386431741122018835e+00) (3, 4.80725216478802153119e+00) (4, -1.75248683307729010039e+02) (5, -1.25170986457815700987e+02) (6, -4.51493438723053586159e+01) (7, 7.11314992702739079533e+00) (0, 5.95770230671960443480e-01) (1, -1.34767055193676075220e+01) (2, 2.48501237794174878459e+00) (3, 1.63242471268843729604e+01) (4, -3.45512859751154532972e+00) (5, -1.28671112619126359888e+00) (6, 7.77011695002702662549e+00) (7, -1.90194925231009448474e+00) (0, 2.82344803095926124570e+01) (1, 6.00154362659290363524e+00) (2, 4.38302193275441922538e+01) (3, 1.59285597319846061737e+01) (4, -4.75219111411409983248e+02) (5, 5.95504453041259864676e+01) (6, 6.92545574311646703336e+01) (7, -7.18854296563764894046e+00) (0, 1.49957292798914909326e+03) (1, 7.46733428696942837632e+02) (2, -5.17670035169895072613e+02) (3, -6.75369835177341144572e+01) (4, 3.63205846789514623651e+01) (5, 1.67361118564690400490e+02) (6, 1.50000000000000000000e+03) (7, -1.74527368734404264572e+00) (8, 3.81624397464936881974e+00) (9, 1.15052967832087671418e+00) (10, -1.20816593123439464108e+00) (11, -2.78851244393494013263e-01) (12, -8.98818346009023216858e-01) (13, 1.30947862614273979887e+00) (8, -2.26133756259633500463e+00) (9, -5.63494037437461958717e-01) (10, 8.98333481383281617916e-01) (11, 3.48385248663241442468e-01) (12, 6.72348204363882984147e-01) (13, 7.63474188487682670079e-01) 
