FANN_FLO_2.1
num_layers=3
learning_rate=0.700000
connection_rate=1.000000
network_type=0
learning_momentum=0.000000
training_algorithm=2
train_error_function=1
train_stop_function=0
cascade_output_change_fraction=0.010000
quickprop_decay=-0.000100
quickprop_mu=1.750000
rprop_increase_factor=1.200000
rprop_decrease_factor=0.500000
rprop_delta_min=0.000000
rprop_delta_max=50.000000
rprop_delta_zero=0.100000
cascade_output_stagnation_epochs=12
cascade_candidate_change_fraction=0.010000
cascade_candidate_stagnation_epochs=12
cascade_max_out_epochs=150
cascade_max_cand_epochs=150
cascade_num_candidate_groups=2
bit_fail_limit=3.49999999999999977796e-01
cascade_candidate_limit=1.00000000000000000000e+03
cascade_weight_multiplier=4.00000000000000022204e-01
cascade_activation_functions_count=10
cascade_activation_functions=3 5 7 8 10 11 14 15 16 17 
cascade_activation_steepnesses_count=4
cascade_activation_steepnesses=2.50000000000000000000e-01 5.00000000000000000000e-01 7.50000000000000000000e-01 1.00000000000000000000e+00 
layer_sizes=8 8 2 
scale_included=0
neurons (num_inputs, activation_function, activation_steepness)=(0, 0, 0.00000000000000000000e+00) (0, 0, 0.00000000000000000000e+00) (0, 0, 0.00000000000000000000e+00) (0, 0, 0.00000000000000000000e+00) (0, 0, 0.00000000000000000000e+00) (0, 0, 0.00000000000000000000e+00) (0, 0, 0.00000000000000000000e+00) (0, 0, 0.00000000000000000000e+00) (8, 4, 5.00000000000000000000e-01) (8, 4, 5.00000000000000000000e-01) (8, 4, 5.00000000000000000000e-01) (8, 4, 5.00000000000000000000e-01) (8, 4, 5.00000000000000000000e-01) (8, 4, 5.00000000000000000000e-01) (8, 4, 5.00000000000000000000e-01) (0, 0, 0.00000000000000000000e+00) (8, 6, 5.00000000000000000000e-01) (0, 6, 0.00000000000000000000e+00) 
connections (connected_to_neuron, weight)=(0, 2.43812293584715966688e+01) (1, 2.81820998614638362767e+01) (2, -3.48257000094982416272e+01) (3, 1.03228218045077412057e+02) (4, 1.13359503095234579462e+01) (5, 1.50000000000000000000e+03) (6, -5.50675800154294918798e+01) (7, 4.10430163563490921774e+01) (0, 3.20443801050817285159e+02) (1, 2.97278046951432258993e+02) (2, -6.68176683651044413637e+02) (3, -1.49654244180749174120e+03) (4, 8.44162217588271346358e+02) (5, 7.29518620261355636103e+02) (6, 2.10870189564189615794e+02) (7, -2.88308900418570601687e+02) (0, -1.16593634387354949666e+00) (1, 3.51971344770767524679e+00) (2, 4.88919776227434166316e+00) (3, -3.48989105151274170424e+00) (4, -1.16011628979550636132e+01) (5, -2.19634800338690823196e+01) (6, -4.43802644193163242647e+00) (7, 9.74216751629623289865e-01) (0, 7.32857287821793477178e+01) (1, 1.90137601912088989309e+01) (2, -1.57374417536221127278e+01) (3, 3.27667948911492672437e+01) (4, 1.41026593254581680270e+01) (5, -6.75597369958815079372e+01) (6, -4.56028847727256163580e+01) (7, -1.74949038789898274615e+01) (0, 3.28733403897529585791e+00) (1, 9.13801007299931740135e+01) (2, -9.38634654785469138005e+01) (3, -6.50851239066088851359e+01) (4, 7.44369356092586372142e+02) (5, 1.50000000000000000000e+03) (6, 8.36142941092872291620e+01) (7, -5.32310292675040912513e+01) (0, 1.47082986079082928654e+02) (1, -1.45269462443533427631e+02) (2, 2.07499268620141101849e+01) (3, 3.74741822929734880177e+00) (4, -5.69127439618913086861e+01) (5, 2.50101021612818357198e+01) (6, -4.37715714364990589047e+01) (7, 1.95469080617475974293e+01) (0, 1.71381168934949918992e+01) (1, -4.12413179641594069835e+01) (2, 3.83929124352039679025e+01) (3, 5.64235589177190455246e+00) (4, 2.58313847040838879821e+01) (5, -7.82308233301615842947e+01) (6, -1.43662771701545164404e+01) (7, 3.56088412688274758011e+01) (8, 1.03208762301221979030e+00) (9, 4.99163985028628187646e-01) (10, 3.39210255875635358080e+00) (11, 6.05446801391659850111e-01) (12, 2.10763530255271236413e+00) (13, 1.13391347051993651718e+00) (14, 6.26965381554494771699e-01) (15, -4.10892769208720665119e+00) 
