FANN_FLO_2.1
num_layers=3
learning_rate=0.700000
connection_rate=1.000000
network_type=0
learning_momentum=0.000000
training_algorithm=2
train_error_function=1
train_stop_function=0
cascade_output_change_fraction=0.010000
quickprop_decay=-0.000100
quickprop_mu=1.750000
rprop_increase_factor=1.200000
rprop_decrease_factor=0.500000
rprop_delta_min=0.000000
rprop_delta_max=50.000000
rprop_delta_zero=0.100000
cascade_output_stagnation_epochs=12
cascade_candidate_change_fraction=0.010000
cascade_candidate_stagnation_epochs=12
cascade_max_out_epochs=150
cascade_max_cand_epochs=150
cascade_num_candidate_groups=2
bit_fail_limit=3.49999999999999977796e-01
cascade_candidate_limit=1.00000000000000000000e+03
cascade_weight_multiplier=4.00000000000000022204e-01
cascade_activation_functions_count=10
cascade_activation_functions=3 5 7 8 10 11 14 15 16 17 
cascade_activation_steepnesses_count=4
cascade_activation_steepnesses=2.50000000000000000000e-01 5.00000000000000000000e-01 7.50000000000000000000e-01 1.00000000000000000000e+00 
layer_sizes=8 6 3 
scale_included=0
neurons (num_inputs, activation_function, activation_steepness)=(0, 0, 0.00000000000000000000e+00) (0, 0, 0.00000000000000000000e+00) (0, 0, 0.00000000000000000000e+00) (0, 0, 0.00000000000000000000e+00) (0, 0, 0.00000000000000000000e+00) (0, 0, 0.00000000000000000000e+00) (0, 0, 0.00000000000000000000e+00) (0, 0, 0.00000000000000000000e+00) (8, 4, 5.00000000000000000000e-01) (8, 4, 5.00000000000000000000e-01) (8, 4, 5.00000000000000000000e-01) (8, 4, 5.00000000000000000000e-01) (8, 4, 5.00000000000000000000e-01) (0, 0, 0.00000000000000000000e+00) (6, 6, 5.00000000000000000000e-01) (6, 6, 5.00000000000000000000e-01) (0, 6, 0.00000000000000000000e+00) 
connections (connected_to_neuron, weight)=(0, 3.81783599033020837332e-01) (1, 7.11669508098091707637e+00) (2, 2.16366174169155200957e+01) (3, 3.19602905999534314674e+00) (4, -8.51989876616888075489e+00) (5, 7.77768629862171234635e+00) (6, 9.74447266010818822224e+01) (7, -8.48047158636583198188e+00) (0, -6.45694548918102850799e-01) (1, -1.08362793080314734340e+00) (2, 9.58228188578329587166e-01) (3, -4.45852335255624421251e+00) (4, -2.82215369279620587051e+00) (5, 1.95264766752327911803e+00) (6, 9.24296723191943137010e+00) (7, -6.45166918093046781735e+00) (0, -3.01784752900380670582e+00) (1, -6.32737943487378107221e+00) (2, 5.94404237983102401444e+00) (3, -2.06064989912354157298e+00) (4, -1.87215306283250226826e+00) (5, -1.77743290842452283940e+00) (6, -1.20338317333621627053e-02) (7, 2.69212952670629857010e+00) (0, 1.37977300724404350341e+00) (1, 6.28792888408220451701e-01) (2, -1.27708924937629142438e-01) (3, -1.52495797904484842178e+00) (4, -2.37508139475781065997e+00) (5, -7.83046763526126565758e-01) (6, 2.03115293662292240029e+00) (7, -9.98605095217684063380e-03) (0, 6.05831077269232687321e-01) (1, 7.21630748721291959136e-01) (2, -2.69152435222010211202e-01) (3, -3.76721340447768771043e+00) (4, 9.41363123926202916003e-01) (5, 3.62855723408141050967e+00) (6, -1.72731506027598391562e+00) (7, 2.30090581526814441649e-01) (8, -1.73811358345317912288e+00) (9, -2.74876301139537515539e+00) (10, 1.40702302131066159241e+00) (11, 2.58668786505902081885e+00) (12, 1.95001207296663658930e+00) (13, 6.02853502638465266195e-01) (8, 1.24477008254868648507e+00) (9, 3.54153018333185443112e+00) (10, -1.02570755372069877254e+00) (11, -2.40694600377400647062e+00) (12, -1.76128962107328179698e+00) (13, 1.92624945479758791222e+00) 
