FANN_FLO_2.1
num_layers=3
learning_rate=0.700000
connection_rate=1.000000
network_type=0
learning_momentum=0.000000
training_algorithm=2
train_error_function=1
train_stop_function=0
cascade_output_change_fraction=0.010000
quickprop_decay=-0.000100
quickprop_mu=1.750000
rprop_increase_factor=1.200000
rprop_decrease_factor=0.500000
rprop_delta_min=0.000000
rprop_delta_max=50.000000
rprop_delta_zero=0.100000
cascade_output_stagnation_epochs=12
cascade_candidate_change_fraction=0.010000
cascade_candidate_stagnation_epochs=12
cascade_max_out_epochs=150
cascade_max_cand_epochs=150
cascade_num_candidate_groups=2
bit_fail_limit=3.49999999999999977796e-01
cascade_candidate_limit=1.00000000000000000000e+03
cascade_weight_multiplier=4.00000000000000022204e-01
cascade_activation_functions_count=10
cascade_activation_functions=3 5 7 8 10 11 14 15 16 17 
cascade_activation_steepnesses_count=4
cascade_activation_steepnesses=2.50000000000000000000e-01 5.00000000000000000000e-01 7.50000000000000000000e-01 1.00000000000000000000e+00 
layer_sizes=8 8 2 
scale_included=0
neurons (num_inputs, activation_function, activation_steepness)=(0, 0, 0.00000000000000000000e+00) (0, 0, 0.00000000000000000000e+00) (0, 0, 0.00000000000000000000e+00) (0, 0, 0.00000000000000000000e+00) (0, 0, 0.00000000000000000000e+00) (0, 0, 0.00000000000000000000e+00) (0, 0, 0.00000000000000000000e+00) (0, 0, 0.00000000000000000000e+00) (8, 4, 5.00000000000000000000e-01) (8, 4, 5.00000000000000000000e-01) (8, 4, 5.00000000000000000000e-01) (8, 4, 5.00000000000000000000e-01) (8, 4, 5.00000000000000000000e-01) (8, 4, 5.00000000000000000000e-01) (8, 4, 5.00000000000000000000e-01) (0, 0, 0.00000000000000000000e+00) (8, 6, 5.00000000000000000000e-01) (0, 6, 0.00000000000000000000e+00) 
connections (connected_to_neuron, weight)=(0, -5.24102821871537969400e+01) (1, 4.37662013500691742252e+01) (2, 1.08188204342851435058e+01) (3, -7.93318097319246220422e+01) (4, 3.81784212290246287580e+01) (5, 1.68728998967226466732e+01) (6, 1.05349236800992276386e+01) (7, 1.18540425267898061890e+01) (0, 4.79157946100370537579e+01) (1, -6.23087845298326996613e+01) (2, 4.84468039266039838253e+01) (3, -1.00199011760310874308e+00) (4, 1.46157851252626027616e+01) (5, -7.24161487580785578899e-01) (6, -3.01373017026897542792e+01) (7, -2.36202797244826676604e+01) (0, -1.10393383190734766686e+02) (1, 5.28258789307256961365e+02) (2, 8.99340045530673137364e+02) (3, -1.45242116820718433701e+03) (4, -1.50000000000000000000e+03) (5, -1.50000000000000000000e+03) (6, -7.26944236432385650915e+02) (7, 4.89067124912594692887e+02) (0, 1.50000000000000000000e+03) (1, -8.80027090406472666473e+02) (2, -1.39562293156143414308e+03) (3, -1.50000000000000000000e+03) (4, -1.50000000000000000000e+03) (5, -1.50000000000000000000e+03) (6, 1.50000000000000000000e+03) (7, 7.78312064820407954358e+02) (0, -1.19411075708252454319e+02) (1, 1.09261827434432552764e+03) (2, 3.83342479504189270756e+02) (3, 1.63466817555846290588e+02) (4, -5.76180736221249389928e+02) (5, -1.69825365115193051224e+02) (6, -4.11836786661879443727e+02) (7, -3.87212533395312448192e+02) (0, -2.75252379043045820595e+01) (1, 1.61782234670296354295e+01) (2, -1.12619443331198638703e+01) (3, -1.04342153761781304411e+02) (4, -4.69817250694140398082e+01) (5, 4.13960361787984254534e+01) (6, 7.59376644749581544147e+01) (7, 8.68294582211840548780e+00) (0, -5.89513054859868574908e+01) (1, 7.70339314649305038074e+01) (2, -1.79197919648592602471e+02) (3, 8.88054268006856801776e+01) (4, -9.60746554948680397956e+01) (5, 2.06861939293849630417e+01) (6, -4.02365635548343476557e+01) (7, 6.36732137461992238059e+01) (8, 1.43183230119867443975e+00) (9, 2.64590891625743385163e+00) (10, 9.58621300448704194430e-01) (11, 2.75422090508127714870e-01) (12, 1.06660726765391378201e+00) (13, -4.18163218663230029648e-01) (14, 7.83730848972699845056e-01) (15, -1.25891873887577410152e+00) 
