FANN_FLO_2.1
num_layers=3
learning_rate=0.700000
connection_rate=1.000000
network_type=0
learning_momentum=0.000000
training_algorithm=2
train_error_function=1
train_stop_function=0
cascade_output_change_fraction=0.010000
quickprop_decay=-0.000100
quickprop_mu=1.750000
rprop_increase_factor=1.200000
rprop_decrease_factor=0.500000
rprop_delta_min=0.000000
rprop_delta_max=50.000000
rprop_delta_zero=0.100000
cascade_output_stagnation_epochs=12
cascade_candidate_change_fraction=0.010000
cascade_candidate_stagnation_epochs=12
cascade_max_out_epochs=150
cascade_max_cand_epochs=150
cascade_num_candidate_groups=2
bit_fail_limit=3.49999999999999977796e-01
cascade_candidate_limit=1.00000000000000000000e+03
cascade_weight_multiplier=4.00000000000000022204e-01
cascade_activation_functions_count=10
cascade_activation_functions=3 5 7 8 10 11 14 15 16 17 
cascade_activation_steepnesses_count=4
cascade_activation_steepnesses=2.50000000000000000000e-01 5.00000000000000000000e-01 7.50000000000000000000e-01 1.00000000000000000000e+00 
layer_sizes=8 8 2 
scale_included=0
neurons (num_inputs, activation_function, activation_steepness)=(0, 0, 0.00000000000000000000e+00) (0, 0, 0.00000000000000000000e+00) (0, 0, 0.00000000000000000000e+00) (0, 0, 0.00000000000000000000e+00) (0, 0, 0.00000000000000000000e+00) (0, 0, 0.00000000000000000000e+00) (0, 0, 0.00000000000000000000e+00) (0, 0, 0.00000000000000000000e+00) (8, 4, 5.00000000000000000000e-01) (8, 4, 5.00000000000000000000e-01) (8, 4, 5.00000000000000000000e-01) (8, 4, 5.00000000000000000000e-01) (8, 4, 5.00000000000000000000e-01) (8, 4, 5.00000000000000000000e-01) (8, 4, 5.00000000000000000000e-01) (0, 0, 0.00000000000000000000e+00) (8, 6, 5.00000000000000000000e-01) (0, 6, 0.00000000000000000000e+00) 
connections (connected_to_neuron, weight)=(0, 5.70764868168033785878e+02) (1, 4.12661829512584120039e+02) (2, 1.50000000000000000000e+03) (3, -4.14698296504603604262e+02) (4, -2.90648924055056561144e+01) (5, 5.46082557698093182807e+02) (6, -6.93069868686084078035e+02) (7, -6.24623793205962329012e+02) (0, -1.45415236022783261660e+02) (1, -6.65786867964457962366e-01) (2, -6.07632130938777322626e+02) (3, 2.43776274340891632164e+02) (4, -3.71764585064300518980e+01) (5, 2.78055002308978714609e+02) (6, -3.20849184451523612438e+01) (7, 9.70475902654603999054e+01) (0, -3.69587733364373463019e+01) (1, 3.78745683538107442700e+01) (2, 5.22777759525511953598e+01) (3, -5.47283136354376651411e+01) (4, 2.75166084242411557170e+01) (5, 8.27299529539929068278e+01) (6, -6.28563033110832449779e+01) (7, -1.31071192221023729019e+01) (0, -4.29564278958631575733e+01) (1, 3.02493999173788949975e+02) (2, -9.94283310433655316274e+01) (3, 6.83556547192791867928e+01) (4, 2.63353729864674726002e+01) (5, 4.70906718731348377105e+01) (6, -2.23463211929600589656e+02) (7, 1.76782336971110289880e+01) (0, -1.82989585140113586448e+00) (1, 1.04898133691518036237e+00) (2, 1.13861837781876640285e+00) (3, -2.11545263725261767362e+00) (4, 2.28341362944768944132e+00) (5, 6.38450732707802171007e+00) (6, -3.45286358438378915281e+00) (7, -9.12625552090403524552e-01) (0, 5.93849855273948890044e+00) (1, -8.77935851072119355365e+00) (2, -1.49114344664862592538e+01) (3, 2.63036483744412095120e+01) (4, -1.03729735260952367071e+02) (5, -2.09099734303422408743e+01) (6, 3.68164610633609834522e+00) (7, -2.00558379410882636762e+00) (0, -1.00671525507412713552e+01) (1, -2.85011491267706666974e+01) (2, 1.82861070686486471004e+02) (3, -1.53480094738267354160e+02) (4, 1.49777545960044903950e+02) (5, 8.32512820778132294208e+01) (6, -1.36819820026737545504e+02) (7, 2.29529056126876618293e+01) (8, 1.38824578602357240342e+00) (9, 1.75728521222056910389e+00) (10, 2.17440265111740460569e+00) (11, -1.03808589105967685740e+00) (12, -4.73650458277638453097e+00) (13, 2.25406930329302968019e+00) (14, 1.76318176776958002172e+00) (15, -7.14169932614539093585e-01) 
