FANN_FLO_2.1
num_layers=3
learning_rate=0.700000
connection_rate=1.000000
network_type=0
learning_momentum=0.000000
training_algorithm=2
train_error_function=1
train_stop_function=0
cascade_output_change_fraction=0.010000
quickprop_decay=-0.000100
quickprop_mu=1.750000
rprop_increase_factor=1.200000
rprop_decrease_factor=0.500000
rprop_delta_min=0.000000
rprop_delta_max=50.000000
rprop_delta_zero=0.100000
cascade_output_stagnation_epochs=12
cascade_candidate_change_fraction=0.010000
cascade_candidate_stagnation_epochs=12
cascade_max_out_epochs=150
cascade_max_cand_epochs=150
cascade_num_candidate_groups=2
bit_fail_limit=3.49999999999999977796e-01
cascade_candidate_limit=1.00000000000000000000e+03
cascade_weight_multiplier=4.00000000000000022204e-01
cascade_activation_functions_count=10
cascade_activation_functions=3 5 7 8 10 11 14 15 16 17 
cascade_activation_steepnesses_count=4
cascade_activation_steepnesses=2.50000000000000000000e-01 5.00000000000000000000e-01 7.50000000000000000000e-01 1.00000000000000000000e+00 
layer_sizes=8 8 2 
scale_included=0
neurons (num_inputs, activation_function, activation_steepness)=(0, 0, 0.00000000000000000000e+00) (0, 0, 0.00000000000000000000e+00) (0, 0, 0.00000000000000000000e+00) (0, 0, 0.00000000000000000000e+00) (0, 0, 0.00000000000000000000e+00) (0, 0, 0.00000000000000000000e+00) (0, 0, 0.00000000000000000000e+00) (0, 0, 0.00000000000000000000e+00) (8, 4, 5.00000000000000000000e-01) (8, 4, 5.00000000000000000000e-01) (8, 4, 5.00000000000000000000e-01) (8, 4, 5.00000000000000000000e-01) (8, 4, 5.00000000000000000000e-01) (8, 4, 5.00000000000000000000e-01) (8, 4, 5.00000000000000000000e-01) (0, 0, 0.00000000000000000000e+00) (8, 6, 5.00000000000000000000e-01) (0, 6, 0.00000000000000000000e+00) 
connections (connected_to_neuron, weight)=(0, 5.32300169143087131829e+01) (1, 7.42736795237856828322e+00) (2, 3.60949572932130706704e+02) (3, -4.30016687158505277466e+01) (4, 3.64706182214278271658e+01) (5, -2.57566356730567804334e+02) (6, -1.29233585396684475199e+02) (7, -1.35004950572313262569e+01) (0, 2.06853212202287544130e+01) (1, 3.48311866552525444263e+01) (2, -1.19133860851830934990e+01) (3, -2.53371453995670030679e+01) (4, 3.04971025339489528960e+02) (5, -2.31599675306084861859e+02) (6, -1.34502218171035735850e+02) (7, -4.40887667941222431978e+01) (0, -5.39724646480387022507e+01) (1, -3.20874980006579093583e+01) (2, -2.35360125647748965605e+01) (3, -2.73953031168672680451e+01) (4, -1.43633982525326189261e+02) (5, 5.77427301554918486204e+01) (6, 8.16356833006297080146e+01) (7, 7.56605166715467447602e+01) (0, 1.46922778724313525345e+03) (1, -1.50000000000000000000e+03) (2, 1.09846847047931134966e+02) (3, -8.15970521830037682776e+02) (4, 1.50000000000000000000e+03) (5, 8.70630437502376366865e+02) (6, -5.71568768655758844943e+02) (7, -1.22881048992866203662e+03) (0, 1.25380652133925104863e+03) (1, -1.40107192185094595516e+03) (2, -7.77071949885053982143e+02) (3, 5.22143880206747667216e+02) (4, 1.30791506338536095200e+02) (5, 1.29370785240991358478e+03) (6, -1.50000000000000000000e+03) (7, -6.47842841571986809868e+02) (0, -6.14212914050527274412e+01) (1, 4.51823683499255537299e+02) (2, -7.30067605904328615907e+02) (3, 3.52986574767875879388e+02) (4, 1.71186378000650819331e+02) (5, -1.96090657795345862269e+02) (6, 6.99527970634299208541e+02) (7, -8.14942990181821983242e+02) (0, 2.25393147836495053582e+01) (1, -8.36437372526574165477e+01) (2, 6.54206144257764890426e+02) (3, -2.96007264874495206186e+02) (4, 1.88563097872474372707e+02) (5, 1.50000000000000000000e+03) (6, 9.30159836431591457995e+00) (7, -7.34594174311371972408e+01) (8, 1.02214996092372434333e+00) (9, 1.12697249597966719925e+00) (10, 9.03981537279514468786e-01) (11, 1.25262485909167842202e+00) (12, 5.89205385937219272563e-01) (13, -7.23656194373990202529e-01) (14, 8.53770016840224577059e-01) (15, -2.00973177744692232949e+00) 
