FANN_FLO_2.1
num_layers=3
learning_rate=0.700000
connection_rate=1.000000
network_type=0
learning_momentum=0.000000
training_algorithm=2
train_error_function=1
train_stop_function=0
cascade_output_change_fraction=0.010000
quickprop_decay=-0.000100
quickprop_mu=1.750000
rprop_increase_factor=1.200000
rprop_decrease_factor=0.500000
rprop_delta_min=0.000000
rprop_delta_max=50.000000
rprop_delta_zero=0.100000
cascade_output_stagnation_epochs=12
cascade_candidate_change_fraction=0.010000
cascade_candidate_stagnation_epochs=12
cascade_max_out_epochs=150
cascade_max_cand_epochs=150
cascade_num_candidate_groups=2
bit_fail_limit=3.49999999999999977796e-01
cascade_candidate_limit=1.00000000000000000000e+03
cascade_weight_multiplier=4.00000000000000022204e-01
cascade_activation_functions_count=10
cascade_activation_functions=3 5 7 8 10 11 14 15 16 17 
cascade_activation_steepnesses_count=4
cascade_activation_steepnesses=2.50000000000000000000e-01 5.00000000000000000000e-01 7.50000000000000000000e-01 1.00000000000000000000e+00 
layer_sizes=8 8 2 
scale_included=0
neurons (num_inputs, activation_function, activation_steepness)=(0, 0, 0.00000000000000000000e+00) (0, 0, 0.00000000000000000000e+00) (0, 0, 0.00000000000000000000e+00) (0, 0, 0.00000000000000000000e+00) (0, 0, 0.00000000000000000000e+00) (0, 0, 0.00000000000000000000e+00) (0, 0, 0.00000000000000000000e+00) (0, 0, 0.00000000000000000000e+00) (8, 4, 5.00000000000000000000e-01) (8, 4, 5.00000000000000000000e-01) (8, 4, 5.00000000000000000000e-01) (8, 4, 5.00000000000000000000e-01) (8, 4, 5.00000000000000000000e-01) (8, 4, 5.00000000000000000000e-01) (8, 4, 5.00000000000000000000e-01) (0, 0, 0.00000000000000000000e+00) (8, 6, 5.00000000000000000000e-01) (0, 6, 0.00000000000000000000e+00) 
connections (connected_to_neuron, weight)=(0, 3.93240017197089855472e+02) (1, -1.49915931690581032854e+03) (2, -1.50000000000000000000e+03) (3, 1.08232139012213133356e+03) (4, 2.52470884424210595398e+02) (5, 8.15119249909148777533e+01) (6, 1.04311121583896056109e+03) (7, -2.79253725649929037900e+02) (0, 1.18914902588385280069e+03) (1, 6.74417077905908627145e+02) (2, -4.11067999706419698214e+02) (3, -1.50000000000000000000e+03) (4, -1.40547679112727701067e+03) (5, 1.39916160835776213389e+03) (6, 9.89897694860746810264e+02) (7, -6.86813378468846053693e+02) (0, 7.01426666240686387255e+01) (1, 5.34708930959354589163e+01) (2, -1.00809159278731613085e+02) (3, -7.86951212878693979746e+01) (4, -8.46091653386897348810e+01) (5, 3.30148126866089128839e+01) (6, 1.64378731140045495351e+01) (7, 4.08629271639363977897e+01) (0, 1.03504588682335952399e+03) (1, -1.50000000000000000000e+03) (2, -1.50000000000000000000e+03) (3, -1.50000000000000000000e+03) (4, 1.50000000000000000000e+03) (5, 1.50000000000000000000e+03) (6, 1.23898239471576584947e+03) (7, 1.50000000000000000000e+03) (0, -3.50924490009819436409e+01) (1, -2.31903792458244708996e+02) (2, -3.12337290572660783994e+01) (3, 1.88706630324924091724e+01) (4, 4.01140197791968589058e+01) (5, -2.94983206304095659789e+01) (6, 7.74941686275739698431e+01) (7, 1.84083455214578002312e+01) (0, 2.26907936982231106526e+01) (1, -2.04379418201251866094e+02) (2, -1.19228656219043341480e+03) (3, 1.27404680565148987625e+03) (4, -3.90382958328194717978e+02) (5, 6.39741779233957572615e+01) (6, -1.10913499461718984662e+02) (7, 3.77209171098344455686e+01) (0, 1.84553112158486953831e+01) (1, -4.70979967571322148956e+01) (2, -7.22522910605201644785e+01) (3, 1.05874353141651070587e+02) (4, -5.24548759485382518619e+01) (5, -4.72467835008812002684e+01) (6, 3.62271926271530304575e+01) (7, 2.41529206958618694046e+01) (8, -1.98486429989784318728e+00) (9, -1.72774414372355122893e+00) (10, 1.94041103358541944246e+00) (11, -8.84578789310189517181e-01) (12, 2.91459167669394192401e+00) (13, 3.57469487899396254349e-01) (14, -6.80321495902652451093e-01) (15, 1.16703377016710829750e+00) 
