FANN_FLO_2.1
num_layers=3
learning_rate=0.700000
connection_rate=1.000000
network_type=0
learning_momentum=0.000000
training_algorithm=2
train_error_function=1
train_stop_function=0
cascade_output_change_fraction=0.010000
quickprop_decay=-0.000100
quickprop_mu=1.750000
rprop_increase_factor=1.200000
rprop_decrease_factor=0.500000
rprop_delta_min=0.000000
rprop_delta_max=50.000000
rprop_delta_zero=0.100000
cascade_output_stagnation_epochs=12
cascade_candidate_change_fraction=0.010000
cascade_candidate_stagnation_epochs=12
cascade_max_out_epochs=150
cascade_max_cand_epochs=150
cascade_num_candidate_groups=2
bit_fail_limit=3.49999999999999977796e-01
cascade_candidate_limit=1.00000000000000000000e+03
cascade_weight_multiplier=4.00000000000000022204e-01
cascade_activation_functions_count=10
cascade_activation_functions=3 5 7 8 10 11 14 15 16 17 
cascade_activation_steepnesses_count=4
cascade_activation_steepnesses=2.50000000000000000000e-01 5.00000000000000000000e-01 7.50000000000000000000e-01 1.00000000000000000000e+00 
layer_sizes=8 8 2 
scale_included=0
neurons (num_inputs, activation_function, activation_steepness)=(0, 0, 0.00000000000000000000e+00) (0, 0, 0.00000000000000000000e+00) (0, 0, 0.00000000000000000000e+00) (0, 0, 0.00000000000000000000e+00) (0, 0, 0.00000000000000000000e+00) (0, 0, 0.00000000000000000000e+00) (0, 0, 0.00000000000000000000e+00) (0, 0, 0.00000000000000000000e+00) (8, 4, 5.00000000000000000000e-01) (8, 4, 5.00000000000000000000e-01) (8, 4, 5.00000000000000000000e-01) (8, 4, 5.00000000000000000000e-01) (8, 4, 5.00000000000000000000e-01) (8, 4, 5.00000000000000000000e-01) (8, 4, 5.00000000000000000000e-01) (0, 0, 0.00000000000000000000e+00) (8, 6, 5.00000000000000000000e-01) (0, 6, 0.00000000000000000000e+00) 
connections (connected_to_neuron, weight)=(0, -1.17744996626935673589e+02) (1, 1.16009725319837812663e+02) (2, 1.10253268316334768429e+02) (3, -1.18762124785534226135e+02) (4, -3.64767063478636615059e+01) (5, 1.93393388613406500554e+01) (6, -3.92858852861864633610e+01) (7, 1.02934187226016788941e+01) (0, -4.31674346775236514873e+01) (1, 7.20886793587540495309e+01) (2, 6.12543892185458247468e+01) (3, -1.17740226611218847808e+01) (4, 1.91164359612509883846e+02) (5, -3.40822840996846068151e+01) (6, -7.47350982506340670852e+01) (7, -4.92225011165748327358e+01) (0, -1.50000000000000000000e+03) (1, -1.50000000000000000000e+03) (2, -1.50000000000000000000e+03) (3, -1.50000000000000000000e+03) (4, 1.50000000000000000000e+03) (5, 2.06367602208687941356e+01) (6, -1.50000000000000000000e+03) (7, -8.35227190603732161378e+00) (0, 1.04440109355083322384e+02) (1, 3.39961451620062931056e+01) (2, -6.06813971439465120739e+01) (3, -6.88651199465359376006e+00) (4, -5.54674786068250256221e+01) (5, -2.18258265053523103916e+01) (6, -3.84576514668781115347e+01) (7, 4.20199627910992745683e+00) (0, 6.59881746804832573616e+02) (1, -7.40184536971337593059e+02) (2, -1.48230002391248012827e+03) (3, 2.76857964845016056188e+02) (4, -1.02236315506970953493e+02) (5, 1.41764292885268758937e+02) (6, 7.17085399264062516522e+02) (7, -8.36324661798428508064e+01) (0, -8.57542252196207073212e+02) (1, 1.50000000000000000000e+03) (2, 1.50000000000000000000e+03) (3, -1.48608096791143816517e+03) (4, -3.04071584796198578715e+02) (5, 4.17973392303586535945e+02) (6, -1.49999600094771517433e+03) (7, 1.47953903616864002046e+00) (0, 1.50000000000000000000e+03) (1, -5.31324003534104321034e+01) (2, -7.18638855686523925215e+02) (3, 5.08466395947078751760e+02) (4, -6.42310469989895636900e+02) (5, -4.28813350763329481197e+02) (6, -1.05604958594419873208e+01) (7, -3.99092877862982902570e+02) (8, -1.58566588965011368018e+00) (9, -5.48205740975615585242e-01) (10, 5.61555625855091000709e-01) (11, 3.92816536087650680642e+00) (12, -8.54017174505041665178e-01) (13, 1.37233732317484280472e+00) (14, -3.67648157735405956004e+00) (15, 3.90925541761310835209e-01) 
