FANN_FLO_2.1
num_layers=3
learning_rate=0.700000
connection_rate=1.000000
network_type=0
learning_momentum=0.000000
training_algorithm=2
train_error_function=1
train_stop_function=0
cascade_output_change_fraction=0.010000
quickprop_decay=-0.000100
quickprop_mu=1.750000
rprop_increase_factor=1.200000
rprop_decrease_factor=0.500000
rprop_delta_min=0.000000
rprop_delta_max=50.000000
rprop_delta_zero=0.100000
cascade_output_stagnation_epochs=12
cascade_candidate_change_fraction=0.010000
cascade_candidate_stagnation_epochs=12
cascade_max_out_epochs=150
cascade_max_cand_epochs=150
cascade_num_candidate_groups=2
bit_fail_limit=3.49999999999999977796e-01
cascade_candidate_limit=1.00000000000000000000e+03
cascade_weight_multiplier=4.00000000000000022204e-01
cascade_activation_functions_count=10
cascade_activation_functions=3 5 7 8 10 11 14 15 16 17 
cascade_activation_steepnesses_count=4
cascade_activation_steepnesses=2.50000000000000000000e-01 5.00000000000000000000e-01 7.50000000000000000000e-01 1.00000000000000000000e+00 
layer_sizes=8 8 2 
scale_included=0
neurons (num_inputs, activation_function, activation_steepness)=(0, 0, 0.00000000000000000000e+00) (0, 0, 0.00000000000000000000e+00) (0, 0, 0.00000000000000000000e+00) (0, 0, 0.00000000000000000000e+00) (0, 0, 0.00000000000000000000e+00) (0, 0, 0.00000000000000000000e+00) (0, 0, 0.00000000000000000000e+00) (0, 0, 0.00000000000000000000e+00) (8, 4, 5.00000000000000000000e-01) (8, 4, 5.00000000000000000000e-01) (8, 4, 5.00000000000000000000e-01) (8, 4, 5.00000000000000000000e-01) (8, 4, 5.00000000000000000000e-01) (8, 4, 5.00000000000000000000e-01) (8, 4, 5.00000000000000000000e-01) (0, 0, 0.00000000000000000000e+00) (8, 6, 5.00000000000000000000e-01) (0, 6, 0.00000000000000000000e+00) 
connections (connected_to_neuron, weight)=(0, -1.49999993999999765038e+03) (1, -3.19734817945092629543e+02) (2, -7.90902538827610044336e+01) (3, -1.49414444976081369987e+02) (4, 7.44816141430537641099e+02) (5, -4.00437996808748948752e+02) (6, -8.02676789535270671649e+01) (7, -6.36575778716732045837e+01) (0, 4.45861145261889302294e-01) (1, -5.52964081788598349476e+01) (2, 9.07345974817852862770e+00) (3, 1.10025380658657101485e+00) (4, 2.46778949497773929522e+01) (5, 1.77713203286085459354e+01) (6, -1.58432618748099933725e+01) (7, 1.57465976609017950238e+01) (0, 1.70646656541345038249e+02) (1, 4.84200009202957403431e+02) (2, -1.80618770374196600415e+02) (3, -3.29244254494399967825e+02) (4, -9.92840746139766906708e+02) (5, 7.46282739468907720948e+01) (6, 8.25701256310836555485e+01) (7, -9.35724408944405752209e+01) (0, -3.89389372801751143527e+00) (1, 3.43471572704251126851e+00) (2, -3.21097858092014476483e+00) (3, 5.03595092017114254190e+00) (4, -2.28396449354558450651e+00) (5, -8.07610259979454681023e-01) (6, 5.11445219232130909859e+00) (7, -4.89735902475380502352e+00) (0, 2.79831645797718984170e+01) (1, -3.44083666653623723164e+01) (2, 2.22177944778812737070e+01) (3, -3.49857370676866423764e+01) (4, 8.79267708152704052793e+00) (5, 3.22852619119052205998e-02) (6, -2.06511527465534499015e+01) (7, 1.41634375906981375692e+01) (0, 1.44341782655246061040e+03) (1, -1.35300282731610286646e+03) (2, -1.55782996622286759703e+02) (3, -2.43921250564300962083e+01) (4, -7.74274516541406228498e+02) (5, 3.66738246095023839644e+02) (6, 1.38784668333259503470e+02) (7, -3.49136579047824909594e+02) (0, 6.03462764685711028356e-01) (1, 2.91574304456019426368e+01) (2, -3.50988704754154978716e+00) (3, -9.92930688941894956656e+00) (4, -1.62238028709637092106e+01) (5, -1.54861945147713537807e+01) (6, 1.93209805972355184167e+01) (7, -9.49718061917170430775e+00) (8, 8.35025431228280323737e-01) (9, 2.93586408173941526556e+00) (10, 5.00000000000000000000e+01) (11, -6.78195997209423584451e+00) (12, -1.08978354611280536801e+00) (13, -1.52442216075123737618e+00) (14, 3.14131129759808569446e+00) (15, -1.74561932389131135857e+00) 
