FANN_FLO_2.1
num_layers=3
learning_rate=0.700000
connection_rate=1.000000
network_type=0
learning_momentum=0.000000
training_algorithm=2
train_error_function=1
train_stop_function=0
cascade_output_change_fraction=0.010000
quickprop_decay=-0.000100
quickprop_mu=1.750000
rprop_increase_factor=1.200000
rprop_decrease_factor=0.500000
rprop_delta_min=0.000000
rprop_delta_max=50.000000
rprop_delta_zero=0.100000
cascade_output_stagnation_epochs=12
cascade_candidate_change_fraction=0.010000
cascade_candidate_stagnation_epochs=12
cascade_max_out_epochs=150
cascade_max_cand_epochs=150
cascade_num_candidate_groups=2
bit_fail_limit=3.49999999999999977796e-01
cascade_candidate_limit=1.00000000000000000000e+03
cascade_weight_multiplier=4.00000000000000022204e-01
cascade_activation_functions_count=10
cascade_activation_functions=3 5 7 8 10 11 14 15 16 17 
cascade_activation_steepnesses_count=4
cascade_activation_steepnesses=2.50000000000000000000e-01 5.00000000000000000000e-01 7.50000000000000000000e-01 1.00000000000000000000e+00 
layer_sizes=8 8 2 
scale_included=0
neurons (num_inputs, activation_function, activation_steepness)=(0, 0, 0.00000000000000000000e+00) (0, 0, 0.00000000000000000000e+00) (0, 0, 0.00000000000000000000e+00) (0, 0, 0.00000000000000000000e+00) (0, 0, 0.00000000000000000000e+00) (0, 0, 0.00000000000000000000e+00) (0, 0, 0.00000000000000000000e+00) (0, 0, 0.00000000000000000000e+00) (8, 4, 5.00000000000000000000e-01) (8, 4, 5.00000000000000000000e-01) (8, 4, 5.00000000000000000000e-01) (8, 4, 5.00000000000000000000e-01) (8, 4, 5.00000000000000000000e-01) (8, 4, 5.00000000000000000000e-01) (8, 4, 5.00000000000000000000e-01) (0, 0, 0.00000000000000000000e+00) (8, 6, 5.00000000000000000000e-01) (0, 6, 0.00000000000000000000e+00) 
connections (connected_to_neuron, weight)=(0, -1.06032292724780816684e+02) (1, 1.09275624601460066287e+01) (2, -2.01849634697643516290e+01) (3, 2.69137880141823471192e+00) (4, 6.35549574910307981668e+01) (5, -9.69484873345328956873e+00) (6, 6.05175861293707910704e+01) (7, -1.90343674761613346202e-01) (0, -1.50000000000000000000e+03) (1, -1.50000000000000000000e+03) (2, 1.43218798476823963028e+02) (3, 1.08987623640797187363e+03) (4, 1.49986275698220515551e+03) (5, 1.50000000000000000000e+03) (6, -1.50000000000000000000e+03) (7, 1.14439961916643852646e+02) (0, -2.01698962339553844458e+00) (1, 1.90118985988321931302e+01) (2, -4.41728276094295111420e+01) (3, -1.41769424442622149485e+00) (4, 2.00410480003418882688e+01) (5, -4.42389365724250893663e+01) (6, -5.22427104142947396070e+00) (7, 8.44697011393809837898e+00) (0, -1.50000000000000000000e+03) (1, -1.50000000000000000000e+03) (2, -6.66272451683959275215e+02) (3, 8.11958477379303758426e+02) (4, 1.14876629885416878096e+03) (5, 1.44667191474120909334e+03) (6, -1.50000000000000000000e+03) (7, -5.61918779891590475017e+02) (0, 1.00053878275053989455e+02) (1, 8.95157953996504147653e+01) (2, -4.18028618939784337272e+02) (3, 3.16197072017480479644e+02) (4, -8.15368023816026266104e+02) (5, -1.50000000000000000000e+03) (6, -3.35170776557147149788e+01) (7, 6.86979302150919437508e+01) (0, 1.39801381219965552560e+01) (1, 1.25142804223536270314e+01) (2, -9.16304041572206244837e+01) (3, 1.02180284660651651052e+02) (4, -8.92241824492394357549e+01) (5, 3.97465881920327888110e+01) (6, -4.83668685219992582347e+01) (7, 3.00653112894033576197e+01) (0, 2.75849894108606115140e+01) (1, -4.21753995624071649218e+01) (2, 4.49786235299887025008e+01) (3, 1.80014170383496185934e+01) (4, -4.71714279248949495127e+01) (5, -1.01870288978490375342e+01) (6, -4.26035123960267725352e+01) (7, -6.21579924614635959124e-01) (8, -1.30325021087063164238e+00) (9, 1.16471637987747622667e+00) (10, 2.24155874228165385986e+00) (11, 1.01447561912028016984e+00) (12, -1.60616707147819326451e+00) (13, -9.05565053329708047336e-01) (14, -1.46063014747279285022e-01) (15, 1.58107920552146563598e-01) 
