FANN_FLO_2.1
num_layers=3
learning_rate=0.700000
connection_rate=1.000000
network_type=0
learning_momentum=0.000000
training_algorithm=2
train_error_function=1
train_stop_function=0
cascade_output_change_fraction=0.010000
quickprop_decay=-0.000100
quickprop_mu=1.750000
rprop_increase_factor=1.200000
rprop_decrease_factor=0.500000
rprop_delta_min=0.000000
rprop_delta_max=50.000000
rprop_delta_zero=0.100000
cascade_output_stagnation_epochs=12
cascade_candidate_change_fraction=0.010000
cascade_candidate_stagnation_epochs=12
cascade_max_out_epochs=150
cascade_max_cand_epochs=150
cascade_num_candidate_groups=2
bit_fail_limit=3.49999999999999977796e-01
cascade_candidate_limit=1.00000000000000000000e+03
cascade_weight_multiplier=4.00000000000000022204e-01
cascade_activation_functions_count=10
cascade_activation_functions=3 5 7 8 10 11 14 15 16 17 
cascade_activation_steepnesses_count=4
cascade_activation_steepnesses=2.50000000000000000000e-01 5.00000000000000000000e-01 7.50000000000000000000e-01 1.00000000000000000000e+00 
layer_sizes=8 8 2 
scale_included=0
neurons (num_inputs, activation_function, activation_steepness)=(0, 0, 0.00000000000000000000e+00) (0, 0, 0.00000000000000000000e+00) (0, 0, 0.00000000000000000000e+00) (0, 0, 0.00000000000000000000e+00) (0, 0, 0.00000000000000000000e+00) (0, 0, 0.00000000000000000000e+00) (0, 0, 0.00000000000000000000e+00) (0, 0, 0.00000000000000000000e+00) (8, 4, 5.00000000000000000000e-01) (8, 4, 5.00000000000000000000e-01) (8, 4, 5.00000000000000000000e-01) (8, 4, 5.00000000000000000000e-01) (8, 4, 5.00000000000000000000e-01) (8, 4, 5.00000000000000000000e-01) (8, 4, 5.00000000000000000000e-01) (0, 0, 0.00000000000000000000e+00) (8, 6, 5.00000000000000000000e-01) (0, 6, 0.00000000000000000000e+00) 
connections (connected_to_neuron, weight)=(0, 6.51325123772634384522e+00) (1, -8.08895873901422817198e+01) (2, 9.59938165418298581244e+01) (3, -1.61497335761672758281e+02) (4, 3.31503230271583731792e+02) (5, -1.54027595021117804208e+02) (6, -1.82093707593511595633e+01) (7, -4.52221412057992822042e+01) (0, 7.15311841772681589191e+01) (1, 1.21532667211048863720e+01) (2, 4.96030319140796166266e+02) (3, 3.12691183951340363478e+01) (4, -1.14693511249133379692e+02) (5, -1.91838393087361566813e+02) (6, -1.37638315242966484675e+02) (7, -1.13856601448979120050e+02) (0, 6.86893154867385874240e+02) (1, 1.05487419205526098409e+01) (2, -2.70368622715033609438e+02) (3, -3.62470259057892462806e+02) (4, 1.89871654924083685501e+02) (5, 7.50410382813916839950e+02) (6, -9.86844059626407442920e+02) (7, -4.94488736761746793036e+02) (0, 1.40926939787986231778e+01) (1, -1.76783216966688954130e+01) (2, 8.20282996007681930450e+00) (3, -1.40073542521914014003e+01) (4, 1.53260403617059246528e+01) (5, 2.22898888402680039889e+00) (6, -4.36076278543442885649e-01) (7, -1.09122851396356779219e+01) (0, 1.58138476185058664214e+02) (1, 1.03362573476260564576e+02) (2, -8.74735685886011680168e+01) (3, 1.02806958290530019440e+02) (4, 1.29430408927489537518e+02) (5, -3.57444930526001144244e+02) (6, -9.41149084425640154450e+01) (7, -2.67489210744786376495e+01) (0, 2.94585619980867008394e+00) (1, -3.90914338154477403187e-01) (2, -2.11188683656466258398e+00) (3, -3.23402101468691027808e-01) (4, -3.91055335965643147134e+00) (5, 2.64005304271329466204e+00) (6, -1.09811397278052358395e+00) (7, 1.05988925707006376165e+00) (0, -4.80622472134176916825e+01) (1, -9.83038196053077228953e+01) (2, 1.24093663822578630374e+01) (3, -3.35105299648562038328e+01) (4, 5.70243413688740758971e+01) (5, 1.27081535358761883003e+02) (6, -5.28321657296686879590e+01) (7, 1.00634530625004430249e+02) (8, 1.01126301153552278222e+00) (9, 1.22101614695285931589e+00) (10, 1.59056900542029566736e+00) (11, 7.12982436213801129554e+00) (12, 1.97253337302586495561e+00) (13, 2.81592308721319817266e+00) (14, 1.84281829704184318963e+00) (15, -4.22661481721488119234e+00) 
