FANN_FLO_2.1
num_layers=3
learning_rate=0.700000
connection_rate=1.000000
network_type=0
learning_momentum=0.000000
training_algorithm=2
train_error_function=1
train_stop_function=0
cascade_output_change_fraction=0.010000
quickprop_decay=-0.000100
quickprop_mu=1.750000
rprop_increase_factor=1.200000
rprop_decrease_factor=0.500000
rprop_delta_min=0.000000
rprop_delta_max=50.000000
rprop_delta_zero=0.100000
cascade_output_stagnation_epochs=12
cascade_candidate_change_fraction=0.010000
cascade_candidate_stagnation_epochs=12
cascade_max_out_epochs=150
cascade_max_cand_epochs=150
cascade_num_candidate_groups=2
bit_fail_limit=3.49999999999999977796e-01
cascade_candidate_limit=1.00000000000000000000e+03
cascade_weight_multiplier=4.00000000000000022204e-01
cascade_activation_functions_count=10
cascade_activation_functions=3 5 7 8 10 11 14 15 16 17 
cascade_activation_steepnesses_count=4
cascade_activation_steepnesses=2.50000000000000000000e-01 5.00000000000000000000e-01 7.50000000000000000000e-01 1.00000000000000000000e+00 
layer_sizes=8 6 2 
scale_included=0
neurons (num_inputs, activation_function, activation_steepness)=(0, 0, 0.00000000000000000000e+00) (0, 0, 0.00000000000000000000e+00) (0, 0, 0.00000000000000000000e+00) (0, 0, 0.00000000000000000000e+00) (0, 0, 0.00000000000000000000e+00) (0, 0, 0.00000000000000000000e+00) (0, 0, 0.00000000000000000000e+00) (0, 0, 0.00000000000000000000e+00) (8, 4, 5.00000000000000000000e-01) (8, 4, 5.00000000000000000000e-01) (8, 4, 5.00000000000000000000e-01) (8, 4, 5.00000000000000000000e-01) (8, 4, 5.00000000000000000000e-01) (0, 0, 0.00000000000000000000e+00) (6, 6, 5.00000000000000000000e-01) (0, 6, 0.00000000000000000000e+00) 
connections (connected_to_neuron, weight)=(0, 2.41374687518599131408e+02) (1, -1.53738821754211212323e+01) (2, 6.50536794678092746835e+02) (3, 3.56743503259548731421e+02) (4, 1.50000000000000000000e+03) (5, 4.33620622576908203882e+02) (6, 3.81236365044727108398e+02) (7, -7.66283105934946888738e+02) (0, 4.85663241221830244143e+00) (1, 3.92019216301709905181e+00) (2, -1.39846851754401679813e+01) (3, -9.13298033998222358321e+00) (4, 1.23591403642630215387e+01) (5, 5.27653667638645273996e+00) (6, 4.51203412183808261204e+00) (7, -2.83242486739138588092e+00) (0, 5.88001788055042418080e+00) (1, -4.54159405994353226887e-01) (2, -2.32295179776297766594e+00) (3, -3.56683216337948465480e+01) (4, 3.11501493896153540675e+01) (5, 2.86683080715753177969e+01) (6, -1.07952741899784121493e+00) (7, 1.62000759608729794081e+01) (0, 5.35998169652913336591e+00) (1, 4.13680473968327189205e-01) (2, -1.31984414822627034169e+01) (3, -4.20215247564689775572e+00) (4, 9.54653970807459018033e+00) (5, 3.24686667354354918658e+00) (6, 5.46130907228560769084e+00) (7, -2.48028590393674397419e+00) (0, 1.93680268763199563864e+02) (1, 1.83030536169016784243e+02) (2, -5.73285240557007341522e+02) (3, -1.97726568941256914513e+02) (4, 3.00983995398529259546e+02) (5, -1.50000000000000000000e+03) (6, -1.58886689737644303477e+02) (7, -1.00617350653760510681e+02) (8, -2.69809656403412123638e+00) (9, 6.55744003483119097808e+00) (10, 2.30146217537488340099e+00) (11, -7.42292463526944779062e+00) (12, 2.10263996504852634928e+00) (13, 1.02313699334581342804e+00) 
