FANN_FLO_2.1
num_layers=3
learning_rate=0.700000
connection_rate=1.000000
network_type=0
learning_momentum=0.000000
training_algorithm=2
train_error_function=1
train_stop_function=0
cascade_output_change_fraction=0.010000
quickprop_decay=-0.000100
quickprop_mu=1.750000
rprop_increase_factor=1.200000
rprop_decrease_factor=0.500000
rprop_delta_min=0.000000
rprop_delta_max=50.000000
rprop_delta_zero=0.100000
cascade_output_stagnation_epochs=12
cascade_candidate_change_fraction=0.010000
cascade_candidate_stagnation_epochs=12
cascade_max_out_epochs=150
cascade_max_cand_epochs=150
cascade_num_candidate_groups=2
bit_fail_limit=3.49999999999999977796e-01
cascade_candidate_limit=1.00000000000000000000e+03
cascade_weight_multiplier=4.00000000000000022204e-01
cascade_activation_functions_count=10
cascade_activation_functions=3 5 7 8 10 11 14 15 16 17 
cascade_activation_steepnesses_count=4
cascade_activation_steepnesses=2.50000000000000000000e-01 5.00000000000000000000e-01 7.50000000000000000000e-01 1.00000000000000000000e+00 
layer_sizes=8 8 2 
scale_included=0
neurons (num_inputs, activation_function, activation_steepness)=(0, 0, 0.00000000000000000000e+00) (0, 0, 0.00000000000000000000e+00) (0, 0, 0.00000000000000000000e+00) (0, 0, 0.00000000000000000000e+00) (0, 0, 0.00000000000000000000e+00) (0, 0, 0.00000000000000000000e+00) (0, 0, 0.00000000000000000000e+00) (0, 0, 0.00000000000000000000e+00) (8, 4, 5.00000000000000000000e-01) (8, 4, 5.00000000000000000000e-01) (8, 4, 5.00000000000000000000e-01) (8, 4, 5.00000000000000000000e-01) (8, 4, 5.00000000000000000000e-01) (8, 4, 5.00000000000000000000e-01) (8, 4, 5.00000000000000000000e-01) (0, 0, 0.00000000000000000000e+00) (8, 6, 5.00000000000000000000e-01) (0, 6, 0.00000000000000000000e+00) 
connections (connected_to_neuron, weight)=(0, 4.05061936779295137967e+02) (1, 4.09151768377765961304e+02) (2, -1.31132980371903659034e+03) (3, -4.99559035178702686153e+01) (4, 4.52755531975007784240e+02) (5, -1.50000000000000000000e+03) (6, -3.21229409376857006464e+02) (7, 4.87895193997740932446e+01) (0, -2.86821024118424190874e+02) (1, 2.76370556381418623459e+02) (2, -1.50000000000000000000e+03) (3, 2.97714477633720662197e+02) (4, -8.80027008005318123196e+01) (5, 2.77531696441154565491e+02) (6, -3.79132681822075994660e+02) (7, 2.96566231554068849618e+02) (0, 8.30898171670746847894e+01) (1, 1.39516744225722337802e+01) (2, 3.45615686068786516216e+01) (3, -8.22806630362127862099e+01) (4, 8.30647668038403423907e+01) (5, -4.00531630230406179294e+01) (6, -1.36256197934296608310e+02) (7, 7.10850183829465631646e+00) (0, -1.50000000000000000000e+03) (1, -4.53797952135774949056e+02) (2, 4.69757057976064913873e+02) (3, 4.24757078867215966511e+02) (4, -1.45835200666851915230e+03) (5, 4.33107026282729236755e+02) (6, 1.17283773787995031057e+02) (7, 1.00549616938535723421e+03) (0, 1.87738258071536954219e+01) (1, -4.70333690465300975347e+01) (2, 1.60312175087777042393e+01) (3, 3.76915667235370506205e+01) (4, -4.27204911793288530930e+01) (5, 2.90071518445826725952e+01) (6, -9.59999824370330756551e+00) (7, 7.63645579477347169473e+00) (0, 3.13449762650929875107e+00) (1, -1.30179961631546547984e+00) (2, -1.64467816639148907143e+01) (3, 1.13886875128841058569e+01) (4, -3.33511036411891081954e+00) (5, 4.33119136500522916577e+00) (6, 5.55354015243696608195e+00) (7, -1.67390902206930003437e+00) (0, -3.34951718376354847351e+02) (1, 3.32484020472803706525e+02) (2, -2.22945198741710015611e+01) (3, -5.16797824741756130607e+02) (4, 2.04528365879358290158e+02) (5, 1.21622702433887411644e+02) (6, -1.79657866655148410473e+02) (7, 3.34571135835233405942e+02) (8, 1.65833109854854932053e+00) (9, 2.44084362409997135401e+00) (10, -1.60549714088179928950e+00) (11, -2.33755387512277890139e+00) (12, 1.85731317018112718209e+00) (13, -4.30696913600394726274e+00) (14, 2.42856525080493579338e+00) (15, -6.18426500411120225187e-02) 
