FANN_FLO_2.1
num_layers=3
learning_rate=0.700000
connection_rate=1.000000
network_type=0
learning_momentum=0.000000
training_algorithm=2
train_error_function=1
train_stop_function=0
cascade_output_change_fraction=0.010000
quickprop_decay=-0.000100
quickprop_mu=1.750000
rprop_increase_factor=1.200000
rprop_decrease_factor=0.500000
rprop_delta_min=0.000000
rprop_delta_max=50.000000
rprop_delta_zero=0.100000
cascade_output_stagnation_epochs=12
cascade_candidate_change_fraction=0.010000
cascade_candidate_stagnation_epochs=12
cascade_max_out_epochs=150
cascade_max_cand_epochs=150
cascade_num_candidate_groups=2
bit_fail_limit=3.49999999999999977796e-01
cascade_candidate_limit=1.00000000000000000000e+03
cascade_weight_multiplier=4.00000000000000022204e-01
cascade_activation_functions_count=10
cascade_activation_functions=3 5 7 8 10 11 14 15 16 17 
cascade_activation_steepnesses_count=4
cascade_activation_steepnesses=2.50000000000000000000e-01 5.00000000000000000000e-01 7.50000000000000000000e-01 1.00000000000000000000e+00 
layer_sizes=8 6 2 
scale_included=0
neurons (num_inputs, activation_function, activation_steepness)=(0, 0, 0.00000000000000000000e+00) (0, 0, 0.00000000000000000000e+00) (0, 0, 0.00000000000000000000e+00) (0, 0, 0.00000000000000000000e+00) (0, 0, 0.00000000000000000000e+00) (0, 0, 0.00000000000000000000e+00) (0, 0, 0.00000000000000000000e+00) (0, 0, 0.00000000000000000000e+00) (8, 4, 5.00000000000000000000e-01) (8, 4, 5.00000000000000000000e-01) (8, 4, 5.00000000000000000000e-01) (8, 4, 5.00000000000000000000e-01) (8, 4, 5.00000000000000000000e-01) (0, 0, 0.00000000000000000000e+00) (6, 6, 5.00000000000000000000e-01) (0, 6, 0.00000000000000000000e+00) 
connections (connected_to_neuron, weight)=(0, 3.40829194818767007291e+01) (1, -4.12488801927644033185e+01) (2, 1.86167690532726517461e+01) (3, -1.21496075380237353869e+01) (4, -8.51757435142123497940e+00) (5, -1.71326559167542580298e-01) (6, 3.65450093938072626543e+01) (7, 7.01661437098418350189e+00) (0, 7.41374750009002013940e+02) (1, 1.21672170081022477461e+03) (2, -1.50000000000000000000e+03) (3, -1.50000000000000000000e+03) (4, 1.45964903514476304736e+03) (5, -1.34157223488026897940e+03) (6, 9.28783295151451284255e+02) (7, 7.18978842549297269215e+02) (0, 9.82312386220959012917e+01) (1, 4.77375757846889939628e+02) (2, -5.54699637510229990767e+02) (3, -1.50000000000000000000e+03) (4, 3.29649369166488554583e+02) (5, 4.33001166865533321015e+02) (6, 1.02582814376445384141e+02) (7, 7.33938518612756780612e+01) (0, -1.60235689092729920446e+01) (1, 2.15502633501621865264e+01) (2, -8.39803223502655527000e+00) (3, 1.46385502407399545888e+01) (4, -2.00312696214634522462e+00) (5, -8.92577887688481674822e-01) (6, -2.21742571439749873718e+01) (7, 1.84317744938835055279e+01) (0, -1.50000000000000000000e+03) (1, 1.11863768083071050796e+02) (2, 1.50000000000000000000e+03) (3, 1.50000000000000000000e+03) (4, 1.50000000000000000000e+03) (5, -1.19829048289655702320e+03) (6, -1.50000000000000000000e+03) (7, 9.89388588923006750520e+02) (8, -1.26376013870323156141e+00) (9, 3.42308319756737589046e-01) (10, 3.24866740048829816256e-01) (11, 4.79914942106951247780e+00) (12, -9.20194729449515524955e-01) (13, -3.01962451633462292122e+00) 
