FANN_FLO_2.1
num_layers=3
learning_rate=0.700000
connection_rate=1.000000
network_type=0
learning_momentum=0.000000
training_algorithm=2
train_error_function=1
train_stop_function=0
cascade_output_change_fraction=0.010000
quickprop_decay=-0.000100
quickprop_mu=1.750000
rprop_increase_factor=1.200000
rprop_decrease_factor=0.500000
rprop_delta_min=0.000000
rprop_delta_max=50.000000
rprop_delta_zero=0.100000
cascade_output_stagnation_epochs=12
cascade_candidate_change_fraction=0.010000
cascade_candidate_stagnation_epochs=12
cascade_max_out_epochs=150
cascade_max_cand_epochs=150
cascade_num_candidate_groups=2
bit_fail_limit=3.49999999999999977796e-01
cascade_candidate_limit=1.00000000000000000000e+03
cascade_weight_multiplier=4.00000000000000022204e-01
cascade_activation_functions_count=10
cascade_activation_functions=3 5 7 8 10 11 14 15 16 17 
cascade_activation_steepnesses_count=4
cascade_activation_steepnesses=2.50000000000000000000e-01 5.00000000000000000000e-01 7.50000000000000000000e-01 1.00000000000000000000e+00 
layer_sizes=8 8 2 
scale_included=0
neurons (num_inputs, activation_function, activation_steepness)=(0, 0, 0.00000000000000000000e+00) (0, 0, 0.00000000000000000000e+00) (0, 0, 0.00000000000000000000e+00) (0, 0, 0.00000000000000000000e+00) (0, 0, 0.00000000000000000000e+00) (0, 0, 0.00000000000000000000e+00) (0, 0, 0.00000000000000000000e+00) (0, 0, 0.00000000000000000000e+00) (8, 4, 5.00000000000000000000e-01) (8, 4, 5.00000000000000000000e-01) (8, 4, 5.00000000000000000000e-01) (8, 4, 5.00000000000000000000e-01) (8, 4, 5.00000000000000000000e-01) (8, 4, 5.00000000000000000000e-01) (8, 4, 5.00000000000000000000e-01) (0, 0, 0.00000000000000000000e+00) (8, 6, 5.00000000000000000000e-01) (0, 6, 0.00000000000000000000e+00) 
connections (connected_to_neuron, weight)=(0, -2.06356914246678542213e+02) (1, 3.25840886444188072346e+02) (2, -7.19409985883326896783e+01) (3, 3.41655951770683998348e+02) (4, -2.55917787331747319968e+02) (5, -1.50000000000000000000e+03) (6, -5.25354922226255851569e+01) (7, -7.19266810631224728922e+01) (0, -1.42083638741306161890e+00) (1, 3.12959765466099781861e+00) (2, -2.20048383033823213850e+00) (3, -1.90775833188139576357e+00) (4, 3.34397955061284335443e+00) (5, -7.51281837031626231749e+00) (6, 1.35970850485213112790e+00) (7, -6.30192825428537717336e-01) (0, -3.52190140461826004525e+01) (1, 1.14608179752090194370e+02) (2, 5.02287682565209436802e+01) (3, -1.25278388168278510761e+02) (4, -5.01684088437885122858e+02) (5, -1.50000000000000000000e+03) (6, -1.99166351030932737842e+01) (7, -7.40623886369995858558e+01) (0, -2.03029738933584695815e+01) (1, 3.50342260028547125561e-01) (2, -8.90609705479342927958e+00) (3, -1.02138881668404746250e+01) (4, 3.14609992969583487366e+01) (5, -1.89840322729639296995e+01) (6, -4.89657258644019037774e+01) (7, -5.17611994688981091883e+00) (0, 1.50000000000000000000e+03) (1, -1.23778712296351750410e+03) (2, 8.91754704296093677840e+02) (3, -1.34483161004762564517e+03) (4, -1.28858365362645736241e+03) (5, 1.82692849044566628436e+02) (6, 1.50000000000000000000e+03) (7, -1.17772215527685102643e+03) (0, -2.20350953945389953503e+01) (1, -3.53769346240884203780e+01) (2, 1.09381916430493731696e+02) (3, -9.28211668221215813190e-01) (4, -1.57873474454002689527e+02) (5, 4.03949887625942327674e+00) (6, 4.51013705411040177751e+00) (7, 2.13766920409211325094e+00) (0, 3.92587792533661513517e+02) (1, 4.00756147685294251914e+02) (2, -4.32545465300158014088e+02) (3, 6.05520776121952280846e+02) (4, 4.59924321709022876803e+02) (5, -1.50000000000000000000e+03) (6, -6.84627831990249546834e+02) (7, 9.84816906511432677007e+01) (8, 1.72814101189679458770e+00) (9, -5.95468414271334101073e+00) (10, 1.47518928345318123263e+00) (11, -2.72127425877217055117e+00) (12, -6.03100264333621849389e-01) (13, -1.94729602591273187606e+00) (14, 2.05664020394800717284e+00) (15, 2.09198937360017239717e-01) 
