FANN_FLO_2.1
num_layers=3
learning_rate=0.700000
connection_rate=1.000000
network_type=0
learning_momentum=0.000000
training_algorithm=2
train_error_function=1
train_stop_function=0
cascade_output_change_fraction=0.010000
quickprop_decay=-0.000100
quickprop_mu=1.750000
rprop_increase_factor=1.200000
rprop_decrease_factor=0.500000
rprop_delta_min=0.000000
rprop_delta_max=50.000000
rprop_delta_zero=0.100000
cascade_output_stagnation_epochs=12
cascade_candidate_change_fraction=0.010000
cascade_candidate_stagnation_epochs=12
cascade_max_out_epochs=150
cascade_max_cand_epochs=150
cascade_num_candidate_groups=2
bit_fail_limit=3.49999999999999977796e-01
cascade_candidate_limit=1.00000000000000000000e+03
cascade_weight_multiplier=4.00000000000000022204e-01
cascade_activation_functions_count=10
cascade_activation_functions=3 5 7 8 10 11 14 15 16 17 
cascade_activation_steepnesses_count=4
cascade_activation_steepnesses=2.50000000000000000000e-01 5.00000000000000000000e-01 7.50000000000000000000e-01 1.00000000000000000000e+00 
layer_sizes=8 8 2 
scale_included=0
neurons (num_inputs, activation_function, activation_steepness)=(0, 0, 0.00000000000000000000e+00) (0, 0, 0.00000000000000000000e+00) (0, 0, 0.00000000000000000000e+00) (0, 0, 0.00000000000000000000e+00) (0, 0, 0.00000000000000000000e+00) (0, 0, 0.00000000000000000000e+00) (0, 0, 0.00000000000000000000e+00) (0, 0, 0.00000000000000000000e+00) (8, 4, 5.00000000000000000000e-01) (8, 4, 5.00000000000000000000e-01) (8, 4, 5.00000000000000000000e-01) (8, 4, 5.00000000000000000000e-01) (8, 4, 5.00000000000000000000e-01) (8, 4, 5.00000000000000000000e-01) (8, 4, 5.00000000000000000000e-01) (0, 0, 0.00000000000000000000e+00) (8, 6, 5.00000000000000000000e-01) (0, 6, 0.00000000000000000000e+00) 
connections (connected_to_neuron, weight)=(0, -7.37941725452899504489e+02) (1, 1.86466385917491521695e+02) (2, -1.10759065241585844319e+02) (3, 1.50000000000000000000e+03) (4, -8.35143782083491430512e+01) (5, -1.44433590489455036732e+03) (6, 6.26162338809267282613e+01) (7, 8.25251573295788318774e+01) (0, -2.82405897884597095526e+02) (1, 9.94146070025271114901e+02) (2, -1.17494897003315685424e+02) (3, -4.71564149167919424599e+02) (4, -6.15007898566329799905e+02) (5, -1.50000000000000000000e+03) (6, -6.41354048013888814239e+02) (7, 2.46705074915629296584e+02) (0, -1.14087883122773234845e+01) (1, 3.88969904975557767557e+01) (2, -3.50403020141071550597e+01) (3, -4.51937565706692296885e+01) (4, 4.70445865274611207951e+01) (5, 1.22415116195622331929e+02) (6, -4.04025624539458760864e+01) (7, 9.12833341417408128393e+00) (0, 4.70062158208016512617e+02) (1, 7.15192776690675600548e+02) (2, -8.84394065544916827548e+01) (3, 2.85917663623765520242e+02) (4, 4.41758791152597211749e+02) (5, -1.50000000000000000000e+03) (6, -4.64975699276074863064e+02) (7, -1.01076383624222557955e+02) (0, 1.47227691935012813929e+02) (1, -2.29249693284927900550e+02) (2, -1.99383022492847402418e+02) (3, 7.04279858486797252226e+01) (4, 2.29496282819850762280e+02) (5, 1.64470664263662143867e+02) (6, -5.15842151856149797595e+01) (7, -1.33875008430845497287e+02) (0, 1.85586209882069397281e+02) (1, -3.20087242008432156126e+02) (2, 7.33258499847217706247e+01) (3, 2.36322573577766226194e+00) (4, -1.06612288480345370090e+02) (5, 3.10636503218713428964e+01) (6, 1.30637622675884355061e+01) (7, 5.96902288563659340070e+01) (0, 1.65178094338922427653e+01) (1, -3.42360424644778902348e+01) (2, 1.32523245213457698810e+02) (3, -6.83872387157669265889e+01) (4, 5.35965536946467082657e+01) (5, 2.50457701662804566922e+02) (6, 1.25348879687964576135e+00) (7, -1.81514214969168428127e+01) (8, 1.32961391278963825258e+00) (9, 2.45913569150686406317e+00) (10, 2.33567221062550078869e+00) (11, 1.71308325047673482011e+00) (12, 2.89816078611783933816e-01) (13, 8.10518347533279226447e-01) (14, 2.59551917630993589370e+00) (15, -5.51458149112101292388e+00) 
