FANN_FLO_2.1
num_layers=3
learning_rate=0.700000
connection_rate=1.000000
network_type=0
learning_momentum=0.000000
training_algorithm=2
train_error_function=1
train_stop_function=0
cascade_output_change_fraction=0.010000
quickprop_decay=-0.000100
quickprop_mu=1.750000
rprop_increase_factor=1.200000
rprop_decrease_factor=0.500000
rprop_delta_min=0.000000
rprop_delta_max=50.000000
rprop_delta_zero=0.100000
cascade_output_stagnation_epochs=12
cascade_candidate_change_fraction=0.010000
cascade_candidate_stagnation_epochs=12
cascade_max_out_epochs=150
cascade_max_cand_epochs=150
cascade_num_candidate_groups=2
bit_fail_limit=3.49999999999999977796e-01
cascade_candidate_limit=1.00000000000000000000e+03
cascade_weight_multiplier=4.00000000000000022204e-01
cascade_activation_functions_count=10
cascade_activation_functions=3 5 7 8 10 11 14 15 16 17 
cascade_activation_steepnesses_count=4
cascade_activation_steepnesses=2.50000000000000000000e-01 5.00000000000000000000e-01 7.50000000000000000000e-01 1.00000000000000000000e+00 
layer_sizes=8 8 2 
scale_included=0
neurons (num_inputs, activation_function, activation_steepness)=(0, 0, 0.00000000000000000000e+00) (0, 0, 0.00000000000000000000e+00) (0, 0, 0.00000000000000000000e+00) (0, 0, 0.00000000000000000000e+00) (0, 0, 0.00000000000000000000e+00) (0, 0, 0.00000000000000000000e+00) (0, 0, 0.00000000000000000000e+00) (0, 0, 0.00000000000000000000e+00) (8, 4, 5.00000000000000000000e-01) (8, 4, 5.00000000000000000000e-01) (8, 4, 5.00000000000000000000e-01) (8, 4, 5.00000000000000000000e-01) (8, 4, 5.00000000000000000000e-01) (8, 4, 5.00000000000000000000e-01) (8, 4, 5.00000000000000000000e-01) (0, 0, 0.00000000000000000000e+00) (8, 6, 5.00000000000000000000e-01) (0, 6, 0.00000000000000000000e+00) 
connections (connected_to_neuron, weight)=(0, 4.14003155978262782355e+00) (1, 1.66744830765881211221e+01) (2, -8.87813603259198735884e+00) (3, 5.29970616953580678232e-02) (4, 7.66329871438928211802e+00) (5, -1.00498614774121612925e+01) (6, 1.19756241290257374743e+01) (7, -1.36991271879912057674e-01) (0, 9.89032179821026147692e+02) (1, 1.07064832502213761245e+02) (2, -5.65140635751519539554e+02) (3, -3.87291024140227690964e+01) (4, 6.95421552169830192724e+01) (5, 9.52740063111753556768e+01) (6, 5.72907427046462114362e+00) (7, -4.50298964790616125242e+01) (0, 6.21520517017442671204e+02) (1, -1.50000000000000000000e+03) (2, -1.51798177134329250748e+02) (3, 3.66583472804108396303e+02) (4, -6.30380776234863105856e+02) (5, 8.58638287507011682465e+02) (6, -6.63490047806459301682e+02) (7, -1.05842760503987207699e+02) (0, 2.02800941311354563368e+01) (1, -3.49925463463624381033e-02) (2, -1.64838989265905788706e+00) (3, 2.19997788862715815128e+00) (4, -2.35468747625981826843e+01) (5, -6.51505068452435676107e+00) (6, 1.08103260503238480794e+01) (7, 3.49945661217076509075e+00) (0, -3.71807580124924982101e+02) (1, 3.12639998618508059280e+02) (2, 3.78769757960597885926e+01) (3, -1.24346146038497863628e+02) (4, -2.09100672871425615540e+02) (5, 3.21225289186647728457e+02) (6, -1.00385276944986472358e+02) (7, -1.51126557574845588050e+01) (0, 7.12695604242393756067e+02) (1, 3.11359368719561132366e+02) (2, -6.49669226933646086763e+01) (3, 2.52410728051341351375e+02) (4, -1.50000000000000000000e+03) (5, -1.44501976966765710131e+02) (6, 5.34375983573366056589e+02) (7, 1.99711906617255181118e+02) (0, 1.50000000000000000000e+03) (1, 1.50000000000000000000e+03) (2, 1.50000000000000000000e+03) (3, -1.38599276988339192940e+03) (4, 3.47092828995665001912e+02) (5, 1.22778653012947461320e+03) (6, 1.50000000000000000000e+03) (7, -1.03600870002632905198e+03) (8, 3.92298990455888985096e+00) (9, -1.73286355753644039090e+00) (10, 2.72622748374351342449e+00) (11, 3.97056378852313507366e+00) (12, 1.39428721280111433956e+00) (13, -3.13402600103329120884e+00) (14, -1.73634409886131124701e+00) (15, -1.36761971465735543418e+00) 
