FANN_FLO_2.1
num_layers=3
learning_rate=0.700000
connection_rate=1.000000
network_type=0
learning_momentum=0.000000
training_algorithm=2
train_error_function=1
train_stop_function=0
cascade_output_change_fraction=0.010000
quickprop_decay=-0.000100
quickprop_mu=1.750000
rprop_increase_factor=1.200000
rprop_decrease_factor=0.500000
rprop_delta_min=0.000000
rprop_delta_max=50.000000
rprop_delta_zero=0.100000
cascade_output_stagnation_epochs=12
cascade_candidate_change_fraction=0.010000
cascade_candidate_stagnation_epochs=12
cascade_max_out_epochs=150
cascade_max_cand_epochs=150
cascade_num_candidate_groups=2
bit_fail_limit=3.49999999999999977796e-01
cascade_candidate_limit=1.00000000000000000000e+03
cascade_weight_multiplier=4.00000000000000022204e-01
cascade_activation_functions_count=10
cascade_activation_functions=3 5 7 8 10 11 14 15 16 17 
cascade_activation_steepnesses_count=4
cascade_activation_steepnesses=2.50000000000000000000e-01 5.00000000000000000000e-01 7.50000000000000000000e-01 1.00000000000000000000e+00 
layer_sizes=8 8 2 
scale_included=0
neurons (num_inputs, activation_function, activation_steepness)=(0, 0, 0.00000000000000000000e+00) (0, 0, 0.00000000000000000000e+00) (0, 0, 0.00000000000000000000e+00) (0, 0, 0.00000000000000000000e+00) (0, 0, 0.00000000000000000000e+00) (0, 0, 0.00000000000000000000e+00) (0, 0, 0.00000000000000000000e+00) (0, 0, 0.00000000000000000000e+00) (8, 4, 5.00000000000000000000e-01) (8, 4, 5.00000000000000000000e-01) (8, 4, 5.00000000000000000000e-01) (8, 4, 5.00000000000000000000e-01) (8, 4, 5.00000000000000000000e-01) (8, 4, 5.00000000000000000000e-01) (8, 4, 5.00000000000000000000e-01) (0, 0, 0.00000000000000000000e+00) (8, 6, 5.00000000000000000000e-01) (0, 6, 0.00000000000000000000e+00) 
connections (connected_to_neuron, weight)=(0, 1.34647048907984213884e+02) (1, 1.16066292186740241732e+02) (2, 4.97122845401777908592e+02) (3, 3.74053215147221465031e+02) (4, -1.50000000000000000000e+03) (5, 1.66998896278142893834e+02) (6, 5.54043157107343859025e+02) (7, 9.38079852922134449500e+01) (0, 6.63120987644144747719e+02) (1, -1.50000000000000000000e+03) (2, -1.14825887406370543431e+03) (3, 2.77071992075131277034e+02) (4, -2.06983517831703068168e+02) (5, 8.60846735294504355807e+02) (6, -1.06679760764154920594e+02) (7, 4.89660747704709820027e+01) (0, 1.50000000000000000000e+03) (1, 3.14596191799680184431e+02) (2, -2.13633319296081396033e+02) (3, -6.91969125952762396992e+02) (4, 1.08322654844001064589e+02) (5, 1.80642612887414486522e+01) (6, -3.60436098872382785885e+02) (7, 1.03945824754479716034e+02) (0, -4.89997302295947534390e+00) (1, -9.90414851269409091117e+00) (2, -1.21851120083274029327e+01) (3, 5.15884328178975959389e+00) (4, 1.22167387921783063831e+01) (5, -3.25829024026007019188e+00) (6, 8.18506559944092870751e+00) (7, -4.57143017123145245506e+00) (0, -1.99097356704417505213e+00) (1, -2.88036279959328282985e+01) (2, -3.16917133115681828315e+01) (3, 3.01142352865472737733e+01) (4, -3.22572201003066094671e+00) (5, 2.06692917020935063022e+01) (6, -1.54719926071927638134e+00) (7, 3.07444982717871295730e-01) (0, 1.00987559665254849506e+02) (1, -3.08880419100693970336e+01) (2, -2.49272415469090191209e+02) (3, 2.07270303216597000073e+02) (4, -3.34476863516681646615e+02) (5, 1.07698686411232586124e+02) (6, 1.98580368941482952039e+01) (7, 1.34496073948575997292e+02) (0, -5.80121422871276024580e+01) (1, 9.63561397771419763103e+01) (2, -1.04664133278010496042e+02) (3, 1.37757968248600178640e+02) (4, -3.81551672397859746866e+01) (5, 2.10557599214412904942e+00) (6, 2.63526107163639657927e+01) (7, -2.54408166566622595539e+00) (8, -2.16548165880343912448e+00) (9, 2.23760768866992076909e+00) (10, -1.90754877729331484559e+00) (11, -1.02868709180546886728e+01) (12, -2.17861865455371450651e+00) (13, 1.68772495689799306717e+00) (14, 1.00702223002795552276e+01) (15, -7.68417624608423732724e+00) 
