FANN_FLO_2.1
num_layers=3
learning_rate=0.700000
connection_rate=1.000000
network_type=0
learning_momentum=0.000000
training_algorithm=2
train_error_function=1
train_stop_function=0
cascade_output_change_fraction=0.010000
quickprop_decay=-0.000100
quickprop_mu=1.750000
rprop_increase_factor=1.200000
rprop_decrease_factor=0.500000
rprop_delta_min=0.000000
rprop_delta_max=50.000000
rprop_delta_zero=0.100000
cascade_output_stagnation_epochs=12
cascade_candidate_change_fraction=0.010000
cascade_candidate_stagnation_epochs=12
cascade_max_out_epochs=150
cascade_max_cand_epochs=150
cascade_num_candidate_groups=2
bit_fail_limit=3.49999999999999977796e-01
cascade_candidate_limit=1.00000000000000000000e+03
cascade_weight_multiplier=4.00000000000000022204e-01
cascade_activation_functions_count=10
cascade_activation_functions=3 5 7 8 10 11 14 15 16 17 
cascade_activation_steepnesses_count=4
cascade_activation_steepnesses=2.50000000000000000000e-01 5.00000000000000000000e-01 7.50000000000000000000e-01 1.00000000000000000000e+00 
layer_sizes=8 8 2 
scale_included=0
neurons (num_inputs, activation_function, activation_steepness)=(0, 0, 0.00000000000000000000e+00) (0, 0, 0.00000000000000000000e+00) (0, 0, 0.00000000000000000000e+00) (0, 0, 0.00000000000000000000e+00) (0, 0, 0.00000000000000000000e+00) (0, 0, 0.00000000000000000000e+00) (0, 0, 0.00000000000000000000e+00) (0, 0, 0.00000000000000000000e+00) (8, 4, 5.00000000000000000000e-01) (8, 4, 5.00000000000000000000e-01) (8, 4, 5.00000000000000000000e-01) (8, 4, 5.00000000000000000000e-01) (8, 4, 5.00000000000000000000e-01) (8, 4, 5.00000000000000000000e-01) (8, 4, 5.00000000000000000000e-01) (0, 0, 0.00000000000000000000e+00) (8, 6, 5.00000000000000000000e-01) (0, 6, 0.00000000000000000000e+00) 
connections (connected_to_neuron, weight)=(0, 3.90071824780916287523e+01) (1, -6.41830285554950847882e+01) (2, 1.79154013139583612180e+00) (3, 1.41802922593401472540e+01) (4, -3.34926179636626955016e+01) (5, -6.66284112785389197597e+01) (6, 5.75227914128321984322e+01) (7, -1.10806022184527073193e+01) (0, -6.25283336938013789563e+00) (1, -2.25702984036339193707e+00) (2, 9.37488877864407221807e+00) (3, -3.82847993266872288487e+00) (4, 2.29899881348050838525e-01) (5, 5.55672742815441900177e+00) (6, 5.99066863824532536142e+00) (7, -6.19297305751237292526e+00) (0, -1.05181792345425947133e+02) (1, 1.90748380546252974455e+02) (2, -2.40671883437488993707e+01) (3, 3.92234613058366292648e+01) (4, 1.45652409602000698641e+01) (5, -9.40833877920314733956e+01) (6, 2.56778642563336756410e+00) (7, 2.90471440530082425369e+01) (0, 7.44503472517480968662e+00) (1, -1.60111397747661072799e+01) (2, -5.97541886685143630586e-01) (3, -5.14695879218776486397e+00) (4, -5.11580671010962451106e+00) (5, -1.58282591385101216730e+01) (6, 4.20027881714697954862e+01) (7, -1.08026885849820519780e+01) (0, -2.02838473578271475617e+02) (1, 2.47452316417169583929e+02) (2, -8.74072208607695756655e+02) (3, 1.22338906541575852316e+03) (4, -8.71917311432783463943e+01) (5, 1.23371263438273022217e+01) (6, 6.95273748186930475867e+01) (7, -3.54692048890628370827e+02) (0, 2.52404807306663094835e+01) (1, -6.88010449101459542476e+00) (2, -3.88025968157892862109e+01) (3, 2.85358261719425421177e+01) (4, -2.11748846214126107412e+00) (5, -1.12689687518617489559e+01) (6, -8.71086609024947122748e+00) (7, 1.12738812258080240980e+01) (0, 7.65296780392707187701e+00) (1, -1.45740398006287978916e+01) (2, -1.17505813663350688891e+00) (3, -3.95271123030693072309e+00) (4, -7.48580196290720412122e+00) (5, -1.05471032291498563183e+01) (6, 3.15724084222191443416e+01) (7, -6.36152658164276640917e+00) (8, -1.65346965115872990282e+00) (9, -6.65492640440899574372e+00) (10, -1.60951755637410043320e+00) (11, -1.66286453691451434622e+01) (12, 8.07710810009629298634e+00) (13, -4.23426438242124447697e+00) (14, 1.75010852326889470021e+01) (15, 6.31101827627910871854e+00) 
