FANN_FLO_2.1
num_layers=3
learning_rate=0.700000
connection_rate=1.000000
network_type=0
learning_momentum=0.000000
training_algorithm=2
train_error_function=1
train_stop_function=0
cascade_output_change_fraction=0.010000
quickprop_decay=-0.000100
quickprop_mu=1.750000
rprop_increase_factor=1.200000
rprop_decrease_factor=0.500000
rprop_delta_min=0.000000
rprop_delta_max=50.000000
rprop_delta_zero=0.100000
cascade_output_stagnation_epochs=12
cascade_candidate_change_fraction=0.010000
cascade_candidate_stagnation_epochs=12
cascade_max_out_epochs=150
cascade_max_cand_epochs=150
cascade_num_candidate_groups=2
bit_fail_limit=3.49999999999999977796e-01
cascade_candidate_limit=1.00000000000000000000e+03
cascade_weight_multiplier=4.00000000000000022204e-01
cascade_activation_functions_count=10
cascade_activation_functions=3 5 7 8 10 11 14 15 16 17 
cascade_activation_steepnesses_count=4
cascade_activation_steepnesses=2.50000000000000000000e-01 5.00000000000000000000e-01 7.50000000000000000000e-01 1.00000000000000000000e+00 
layer_sizes=8 8 2 
scale_included=0
neurons (num_inputs, activation_function, activation_steepness)=(0, 0, 0.00000000000000000000e+00) (0, 0, 0.00000000000000000000e+00) (0, 0, 0.00000000000000000000e+00) (0, 0, 0.00000000000000000000e+00) (0, 0, 0.00000000000000000000e+00) (0, 0, 0.00000000000000000000e+00) (0, 0, 0.00000000000000000000e+00) (0, 0, 0.00000000000000000000e+00) (8, 4, 5.00000000000000000000e-01) (8, 4, 5.00000000000000000000e-01) (8, 4, 5.00000000000000000000e-01) (8, 4, 5.00000000000000000000e-01) (8, 4, 5.00000000000000000000e-01) (8, 4, 5.00000000000000000000e-01) (8, 4, 5.00000000000000000000e-01) (0, 0, 0.00000000000000000000e+00) (8, 6, 5.00000000000000000000e-01) (0, 6, 0.00000000000000000000e+00) 
connections (connected_to_neuron, weight)=(0, -1.50000000000000000000e+03) (1, -1.50000000000000000000e+03) (2, -1.50000000000000000000e+03) (3, -1.50000000000000000000e+03) (4, -1.50000000000000000000e+03) (5, -1.50000000000000000000e+03) (6, -1.50000000000000000000e+03) (7, 1.58782310552507492929e+01) (0, 1.49996305030544181136e+03) (1, -3.31876782977632728944e+02) (2, 8.81896974412165604917e+02) (3, 7.47201257329959048548e+02) (4, -1.21984823653654166264e+03) (5, -1.17709698769628676018e+03) (6, 7.68826463299853912758e+02) (7, -1.07718368981948333385e+03) (0, 3.72647909216935545373e+02) (1, -1.72827822220933001063e+02) (2, -2.63663260674285538698e+02) (3, -1.14297629868676290243e+03) (4, 9.29185553437611702066e+01) (5, -8.87938175299441212474e+01) (6, 9.11867055943637751625e+02) (7, -2.64572789089737909762e+02) (0, -4.69702648954264532222e+01) (1, 6.01706745853520715173e+02) (2, -1.49148866335100797187e+03) (3, -1.15848257045535788734e+02) (4, 6.29540629037096323373e+02) (5, -3.15661097385823211425e+02) (6, 2.67349972455691386131e+02) (7, -2.04557685166368727891e+01) (0, -1.78834432657052886384e+01) (1, -7.38957920271144352853e+00) (2, -8.65802398506597228334e+01) (3, 5.96846556475355072280e+01) (4, -2.99182087410609209854e+00) (5, -5.00126645635589994754e+01) (6, 7.78091451351556262495e+00) (7, 9.15863878749489117581e+01) (0, 1.12114506373342649681e+02) (1, 6.29153978635519024465e+02) (2, -1.24143738224006892779e+03) (3, -9.32079032359508346417e+02) (4, -1.64780198509317870048e+02) (5, -2.81096696107069135451e+02) (6, 7.70338985003004495411e+02) (7, 6.78266473806487084630e+01) (0, -2.64090937410120261575e+02) (1, 5.57208534286962020587e+01) (2, 6.46220291616468358598e+01) (3, 2.03350300342751950211e+02) (4, -1.62313578374745304700e+02) (5, -9.83627983885904768613e+01) (6, 1.51603716853172329593e+02) (7, 3.51377218628357894659e+01) (8, 1.50000000000000000000e+03) (9, 2.46088550790744708952e-01) (10, -5.35843819302474266841e-01) (11, -2.13826790487975904043e+00) (12, 1.79921810295754158737e+00) (13, -7.50408106806812025269e-01) (14, -7.44700817834925699046e-01) (15, -1.30716588620526685816e+00) 
