FANN_FLO_2.1
num_layers=3
learning_rate=0.700000
connection_rate=1.000000
network_type=0
learning_momentum=0.000000
training_algorithm=2
train_error_function=1
train_stop_function=0
cascade_output_change_fraction=0.010000
quickprop_decay=-0.000100
quickprop_mu=1.750000
rprop_increase_factor=1.200000
rprop_decrease_factor=0.500000
rprop_delta_min=0.000000
rprop_delta_max=50.000000
rprop_delta_zero=0.100000
cascade_output_stagnation_epochs=12
cascade_candidate_change_fraction=0.010000
cascade_candidate_stagnation_epochs=12
cascade_max_out_epochs=150
cascade_max_cand_epochs=150
cascade_num_candidate_groups=2
bit_fail_limit=3.49999999999999977796e-01
cascade_candidate_limit=1.00000000000000000000e+03
cascade_weight_multiplier=4.00000000000000022204e-01
cascade_activation_functions_count=10
cascade_activation_functions=3 5 7 8 10 11 14 15 16 17 
cascade_activation_steepnesses_count=4
cascade_activation_steepnesses=2.50000000000000000000e-01 5.00000000000000000000e-01 7.50000000000000000000e-01 1.00000000000000000000e+00 
layer_sizes=8 8 2 
scale_included=0
neurons (num_inputs, activation_function, activation_steepness)=(0, 0, 0.00000000000000000000e+00) (0, 0, 0.00000000000000000000e+00) (0, 0, 0.00000000000000000000e+00) (0, 0, 0.00000000000000000000e+00) (0, 0, 0.00000000000000000000e+00) (0, 0, 0.00000000000000000000e+00) (0, 0, 0.00000000000000000000e+00) (0, 0, 0.00000000000000000000e+00) (8, 4, 5.00000000000000000000e-01) (8, 4, 5.00000000000000000000e-01) (8, 4, 5.00000000000000000000e-01) (8, 4, 5.00000000000000000000e-01) (8, 4, 5.00000000000000000000e-01) (8, 4, 5.00000000000000000000e-01) (8, 4, 5.00000000000000000000e-01) (0, 0, 0.00000000000000000000e+00) (8, 6, 5.00000000000000000000e-01) (0, 6, 0.00000000000000000000e+00) 
connections (connected_to_neuron, weight)=(0, 1.14465724209636718456e+02) (1, -4.98290744295139163000e+01) (2, 8.06828862471059125028e+01) (3, -9.05925615054520960712e+01) (4, 1.72549754770640362267e+02) (5, -1.32707612713151746675e+02) (6, -7.78952747750853404796e+01) (7, -7.21045604478815960192e+01) (0, 1.62223584854370201924e+01) (1, -1.76738899980889989649e+01) (2, 1.03886574798665911601e+01) (3, -6.16362613061386888091e+00) (4, 9.41557510132089325872e-01) (5, 3.53515189444243294048e+00) (6, -1.45618451043746044427e+00) (7, -6.94406935087570698073e+00) (0, 2.99046126721332372611e+00) (1, -1.56142270211120171020e+00) (2, 3.40229220611819282993e+00) (3, -3.55764512528617649068e+00) (4, -6.37027818268894918674e+00) (5, 1.55784830533304385902e-01) (6, -8.41968842201785583335e-01) (7, 2.28474466918502594481e+00) (0, 3.12551106139971807352e+02) (1, 5.36543829352157104040e+02) (2, -1.44748397421010643882e+01) (3, 3.33882951281742407446e+02) (4, 7.47931732856527275999e+01) (5, -9.84155394386617558666e+02) (6, -3.36206672170848605674e+02) (7, -7.59919775527510097390e+01) (0, 2.90926870610871688427e+01) (1, -3.39721428382294954318e+00) (2, -5.14777965247368811674e+01) (3, 2.83260986756345936044e+01) (4, -1.59616385614498824452e+02) (5, 2.11119998220861262439e+01) (6, -3.49254205382038804828e+01) (7, 8.91744991190680451609e+01) (0, -3.29808084619110672975e+01) (1, 3.05297484809964370100e+00) (2, -4.71070002106900673766e+01) (3, -6.81656240187023598764e+01) (4, -9.72811019054364294334e+01) (5, 3.36336112537384801513e+00) (6, 2.24584934175850143845e+01) (7, 7.49630555720158326949e+01) (0, 2.87562562860116806007e+01) (1, 4.50604770187646721524e+01) (2, 3.63305912045172249236e+02) (3, -1.29149430642548225023e+02) (4, -1.18796582798071554521e+02) (5, 3.95906222402063917798e+02) (6, -5.56515585575206088720e+01) (7, -8.84934187711738218240e+01) (8, 1.78373761645756423455e+00) (9, 5.45213347363239186905e+00) (10, -3.79836901123439174555e+00) (11, 1.72194943330611360821e+00) (12, 1.82465957964445357753e+00) (13, 2.45245851692401917177e+00) (14, 1.72409039170684863507e+00) (15, -1.92450839008442686762e+00) 
