FANN_FLO_2.1
num_layers=3
learning_rate=0.700000
connection_rate=1.000000
network_type=0
learning_momentum=0.000000
training_algorithm=2
train_error_function=1
train_stop_function=0
cascade_output_change_fraction=0.010000
quickprop_decay=-0.000100
quickprop_mu=1.750000
rprop_increase_factor=1.200000
rprop_decrease_factor=0.500000
rprop_delta_min=0.000000
rprop_delta_max=50.000000
rprop_delta_zero=0.100000
cascade_output_stagnation_epochs=12
cascade_candidate_change_fraction=0.010000
cascade_candidate_stagnation_epochs=12
cascade_max_out_epochs=150
cascade_max_cand_epochs=150
cascade_num_candidate_groups=2
bit_fail_limit=3.49999999999999977796e-01
cascade_candidate_limit=1.00000000000000000000e+03
cascade_weight_multiplier=4.00000000000000022204e-01
cascade_activation_functions_count=10
cascade_activation_functions=3 5 7 8 10 11 14 15 16 17 
cascade_activation_steepnesses_count=4
cascade_activation_steepnesses=2.50000000000000000000e-01 5.00000000000000000000e-01 7.50000000000000000000e-01 1.00000000000000000000e+00 
layer_sizes=8 6 2 
scale_included=0
neurons (num_inputs, activation_function, activation_steepness)=(0, 0, 0.00000000000000000000e+00) (0, 0, 0.00000000000000000000e+00) (0, 0, 0.00000000000000000000e+00) (0, 0, 0.00000000000000000000e+00) (0, 0, 0.00000000000000000000e+00) (0, 0, 0.00000000000000000000e+00) (0, 0, 0.00000000000000000000e+00) (0, 0, 0.00000000000000000000e+00) (8, 4, 5.00000000000000000000e-01) (8, 4, 5.00000000000000000000e-01) (8, 4, 5.00000000000000000000e-01) (8, 4, 5.00000000000000000000e-01) (8, 4, 5.00000000000000000000e-01) (0, 0, 0.00000000000000000000e+00) (6, 6, 5.00000000000000000000e-01) (0, 6, 0.00000000000000000000e+00) 
connections (connected_to_neuron, weight)=(0, -2.98750448509674242814e+02) (1, 6.72494447178106895535e+01) (2, 3.09601206720251447280e+01) (3, 7.68767150010524460413e+01) (4, -3.19448698416165157710e+01) (5, 1.44727263901826120218e+02) (6, -3.27908279273594587266e+01) (7, -8.68369641540929571022e+00) (0, 1.66464865157736738865e+01) (1, -1.45553454717973629329e+01) (2, 5.12020879318568544747e-01) (3, -1.34194056542810749022e+01) (4, -4.42305268148785657445e+00) (5, 3.84299458806896687690e+00) (6, -1.27830413046915047914e+01) (7, 1.74392217934159567960e+01) (0, 1.50000000000000000000e+03) (1, 1.50000000000000000000e+03) (2, -1.50000000000000000000e+03) (3, -1.50000000000000000000e+03) (4, 1.50000000000000000000e+03) (5, 1.50000000000000000000e+03) (6, 1.50000000000000000000e+03) (7, 9.43354363235082814754e+02) (0, 3.05261816065118729568e+00) (1, 3.42430723058074704124e-01) (2, -4.44130270500476764806e-01) (3, -6.59923435339924008280e-02) (4, 5.39948712506353079021e+00) (5, -2.31456580488858998379e+00) (6, 1.11930359555729150856e+01) (7, 1.09106490848412440720e+00) (0, -4.88516557591271634919e+02) (1, -3.52884506960774558593e+02) (2, -8.67185969409866075353e+00) (3, -2.20730100597851588873e+02) (4, 2.01485913982775315390e+02) (5, 1.94075646078598197164e+02) (6, -2.76178130306466727006e+01) (7, -1.12055000379499194452e+01) (8, -5.29654482510013790986e-01) (9, 3.10740884896351454714e+00) (10, 2.16452912108054551510e+00) (11, -5.99388705652136266622e+00) (12, 1.00847041655391267412e+00) (13, 9.35049946047161184559e-01) 
