FANN_FLO_2.1
num_layers=3
learning_rate=0.700000
connection_rate=1.000000
network_type=0
learning_momentum=0.000000
training_algorithm=2
train_error_function=1
train_stop_function=0
cascade_output_change_fraction=0.010000
quickprop_decay=-0.000100
quickprop_mu=1.750000
rprop_increase_factor=1.200000
rprop_decrease_factor=0.500000
rprop_delta_min=0.000000
rprop_delta_max=50.000000
rprop_delta_zero=0.100000
cascade_output_stagnation_epochs=12
cascade_candidate_change_fraction=0.010000
cascade_candidate_stagnation_epochs=12
cascade_max_out_epochs=150
cascade_max_cand_epochs=150
cascade_num_candidate_groups=2
bit_fail_limit=3.49999999999999977796e-01
cascade_candidate_limit=1.00000000000000000000e+03
cascade_weight_multiplier=4.00000000000000022204e-01
cascade_activation_functions_count=10
cascade_activation_functions=3 5 7 8 10 11 14 15 16 17 
cascade_activation_steepnesses_count=4
cascade_activation_steepnesses=2.50000000000000000000e-01 5.00000000000000000000e-01 7.50000000000000000000e-01 1.00000000000000000000e+00 
layer_sizes=8 8 2 
scale_included=0
neurons (num_inputs, activation_function, activation_steepness)=(0, 0, 0.00000000000000000000e+00) (0, 0, 0.00000000000000000000e+00) (0, 0, 0.00000000000000000000e+00) (0, 0, 0.00000000000000000000e+00) (0, 0, 0.00000000000000000000e+00) (0, 0, 0.00000000000000000000e+00) (0, 0, 0.00000000000000000000e+00) (0, 0, 0.00000000000000000000e+00) (8, 4, 5.00000000000000000000e-01) (8, 4, 5.00000000000000000000e-01) (8, 4, 5.00000000000000000000e-01) (8, 4, 5.00000000000000000000e-01) (8, 4, 5.00000000000000000000e-01) (8, 4, 5.00000000000000000000e-01) (8, 4, 5.00000000000000000000e-01) (0, 0, 0.00000000000000000000e+00) (8, 6, 5.00000000000000000000e-01) (0, 6, 0.00000000000000000000e+00) 
connections (connected_to_neuron, weight)=(0, 1.50000000000000000000e+03) (1, 1.50000000000000000000e+03) (2, -1.20965678205107087706e+03) (3, -7.57489540891147861146e+00) (4, 5.68428805335580591418e+02) (5, -1.35274459681377720699e+03) (6, 1.50000000000000000000e+03) (7, -1.50000000000000000000e+03) (0, -7.52073166670224821928e+01) (1, 6.73913596272234087792e+01) (2, -1.16269433756732460949e+01) (3, -2.84543410852724854010e+00) (4, 8.22916178837728722328e+01) (5, -1.98657517589186802809e+01) (6, -1.70971219458333756336e+01) (7, 5.39452951006188197169e+00) (0, -4.34365274480633900112e+02) (1, -2.55440964818149183202e+02) (2, -7.56555654456289090604e+01) (3, 8.51137046315883935677e+02) (4, -1.50000000000000000000e+03) (5, 1.33091051869659906970e+02) (6, 1.30578714914026363658e+03) (7, -2.65886870603341776587e+02) (0, 1.50000000000000000000e+03) (1, 1.50000000000000000000e+03) (2, 1.13160438276267018409e+03) (3, 9.19100408422672444431e+02) (4, 6.75621937114623278831e+02) (5, -1.33681525640229460805e+03) (6, 1.50000000000000000000e+03) (7, -1.33061370525496863593e+03) (0, -1.50000000000000000000e+03) (1, -1.50000000000000000000e+03) (2, -1.50000000000000000000e+03) (3, -1.50000000000000000000e+03) (4, -1.50000000000000000000e+03) (5, -1.50000000000000000000e+03) (6, -1.50000000000000000000e+03) (7, -1.87515290427752789881e+00) (0, 5.08616651762399385461e+01) (1, 1.11026520589633079794e+01) (2, -3.34114403374569279848e+00) (3, -3.97547542748817690494e+01) (4, -4.47418997242928497826e+01) (5, -2.51943101239901023902e+00) (6, 2.42624032466821439868e+01) (7, -6.56772769474695916614e+00) (0, -1.50000000000000000000e+03) (1, -1.50000000000000000000e+03) (2, -1.50000000000000000000e+03) (3, -1.50000000000000000000e+03) (4, -1.50000000000000000000e+03) (5, -1.50000000000000000000e+03) (6, -1.50000000000000000000e+03) (7, 5.91477685096109894403e+02) (8, -6.73448266500916603583e-01) (9, -1.22113592875577348096e+00) (10, -1.71845800335847731510e+00) (11, -6.58849432888100938754e-01) (12, 1.50000000000000000000e+03) (13, 1.01032863586037158221e+00) (14, 1.50000000000000000000e+03) (15, 1.70154040028076325441e+00) 
