FANN_FLO_2.1
num_layers=3
learning_rate=0.700000
connection_rate=1.000000
network_type=0
learning_momentum=0.000000
training_algorithm=2
train_error_function=1
train_stop_function=0
cascade_output_change_fraction=0.010000
quickprop_decay=-0.000100
quickprop_mu=1.750000
rprop_increase_factor=1.200000
rprop_decrease_factor=0.500000
rprop_delta_min=0.000000
rprop_delta_max=50.000000
rprop_delta_zero=0.100000
cascade_output_stagnation_epochs=12
cascade_candidate_change_fraction=0.010000
cascade_candidate_stagnation_epochs=12
cascade_max_out_epochs=150
cascade_max_cand_epochs=150
cascade_num_candidate_groups=2
bit_fail_limit=3.49999999999999977796e-01
cascade_candidate_limit=1.00000000000000000000e+03
cascade_weight_multiplier=4.00000000000000022204e-01
cascade_activation_functions_count=10
cascade_activation_functions=3 5 7 8 10 11 14 15 16 17 
cascade_activation_steepnesses_count=4
cascade_activation_steepnesses=2.50000000000000000000e-01 5.00000000000000000000e-01 7.50000000000000000000e-01 1.00000000000000000000e+00 
layer_sizes=8 8 2 
scale_included=0
neurons (num_inputs, activation_function, activation_steepness)=(0, 0, 0.00000000000000000000e+00) (0, 0, 0.00000000000000000000e+00) (0, 0, 0.00000000000000000000e+00) (0, 0, 0.00000000000000000000e+00) (0, 0, 0.00000000000000000000e+00) (0, 0, 0.00000000000000000000e+00) (0, 0, 0.00000000000000000000e+00) (0, 0, 0.00000000000000000000e+00) (8, 4, 5.00000000000000000000e-01) (8, 4, 5.00000000000000000000e-01) (8, 4, 5.00000000000000000000e-01) (8, 4, 5.00000000000000000000e-01) (8, 4, 5.00000000000000000000e-01) (8, 4, 5.00000000000000000000e-01) (8, 4, 5.00000000000000000000e-01) (0, 0, 0.00000000000000000000e+00) (8, 6, 5.00000000000000000000e-01) (0, 6, 0.00000000000000000000e+00) 
connections (connected_to_neuron, weight)=(0, -1.21001172058817001442e+01) (1, -6.46559818898607585602e-01) (2, -2.09721159064158371166e+01) (3, -4.28409783564132311540e+01) (4, 5.34802302885505227437e+01) (5, 1.17227644323191348974e+01) (6, -2.41379456871843389720e+00) (7, -1.52838688625064857973e+01) (0, 6.76061014565572548918e+01) (1, -1.29867260109495617826e+02) (2, -4.56628142155757572596e+01) (3, 1.28275321979473119427e+02) (4, -1.97559376143475184939e+00) (5, -6.58602894354149412948e+01) (6, -2.12661127173887507524e+01) (7, 6.25243994791560542268e+00) (0, -1.50000000000000000000e+03) (1, -1.46727799978871280473e+03) (2, 7.60217154855807621061e+02) (3, 1.11558324341366437693e+03) (4, 1.83515874650054314543e+02) (5, -1.46290388652386127433e+03) (6, 4.08114878293979813861e+02) (7, 4.13075379332950660682e+02) (0, 8.70933058126471593141e+01) (1, 1.31402137712889242493e+02) (2, -1.16870422369765663007e+02) (3, 4.47070740383448082866e+02) (4, -2.46267227315282042355e+02) (5, -3.09409171056457694249e+02) (6, -3.00116584960125067028e+02) (7, -2.14135612444820928602e+01) (0, 5.44722647843850722893e+02) (1, -1.50000000000000000000e+03) (2, -1.50000000000000000000e+03) (3, -6.80839566816595265664e+02) (4, 5.68846211916321522040e+02) (5, 2.68337685842495147881e+02) (6, 4.03994353278557468911e+02) (7, 3.28450211928418809748e+02) (0, -8.61034853940823352580e-01) (1, 9.67781659349563061490e-01) (2, -5.97932063270200986338e-01) (3, 4.01154621669868216571e+00) (4, 2.54501179908614583169e+00) (5, -7.71531014489753363961e+00) (6, 2.18591015602638227833e+00) (7, -2.91015388952364473241e+00) (0, -3.36718470213920824108e+01) (1, -2.66700213913393469056e+01) (2, 2.46046514860669809366e+01) (3, -2.93422712056930867774e+00) (4, 5.96830015333020398316e+01) (5, -2.13261540348827651314e+02) (6, -1.79459779240336096962e+01) (7, 1.12672475350339908573e+02) (8, 1.51948350659982338584e+01) (9, 2.13088726874619949214e+00) (10, -3.17963766797955482701e+00) (11, 1.57805120245919883182e+00) (12, -2.30227490152991531858e+00) (13, -3.51952271022629714636e+00) (14, 1.94528626489898393004e+00) (15, -1.32455478355141664099e-02) 
