FANN_FLO_2.1
num_layers=3
learning_rate=0.700000
connection_rate=1.000000
network_type=0
learning_momentum=0.000000
training_algorithm=2
train_error_function=1
train_stop_function=0
cascade_output_change_fraction=0.010000
quickprop_decay=-0.000100
quickprop_mu=1.750000
rprop_increase_factor=1.200000
rprop_decrease_factor=0.500000
rprop_delta_min=0.000000
rprop_delta_max=50.000000
rprop_delta_zero=0.100000
cascade_output_stagnation_epochs=12
cascade_candidate_change_fraction=0.010000
cascade_candidate_stagnation_epochs=12
cascade_max_out_epochs=150
cascade_max_cand_epochs=150
cascade_num_candidate_groups=2
bit_fail_limit=3.49999999999999977796e-01
cascade_candidate_limit=1.00000000000000000000e+03
cascade_weight_multiplier=4.00000000000000022204e-01
cascade_activation_functions_count=10
cascade_activation_functions=3 5 7 8 10 11 14 15 16 17 
cascade_activation_steepnesses_count=4
cascade_activation_steepnesses=2.50000000000000000000e-01 5.00000000000000000000e-01 7.50000000000000000000e-01 1.00000000000000000000e+00 
layer_sizes=8 8 2 
scale_included=0
neurons (num_inputs, activation_function, activation_steepness)=(0, 0, 0.00000000000000000000e+00) (0, 0, 0.00000000000000000000e+00) (0, 0, 0.00000000000000000000e+00) (0, 0, 0.00000000000000000000e+00) (0, 0, 0.00000000000000000000e+00) (0, 0, 0.00000000000000000000e+00) (0, 0, 0.00000000000000000000e+00) (0, 0, 0.00000000000000000000e+00) (8, 4, 5.00000000000000000000e-01) (8, 4, 5.00000000000000000000e-01) (8, 4, 5.00000000000000000000e-01) (8, 4, 5.00000000000000000000e-01) (8, 4, 5.00000000000000000000e-01) (8, 4, 5.00000000000000000000e-01) (8, 4, 5.00000000000000000000e-01) (0, 0, 0.00000000000000000000e+00) (8, 6, 5.00000000000000000000e-01) (0, 6, 0.00000000000000000000e+00) 
connections (connected_to_neuron, weight)=(0, 5.79668266390546582656e-01) (1, -8.63217088605696236669e-01) (2, 1.30794843151194868369e+01) (3, -6.75924779806174846897e+00) (4, 1.10309395828153782304e+01) (5, -1.17141665596592563503e+01) (6, 3.86175995001096872272e+00) (7, -1.16790952752983070440e+01) (0, -6.16213870964784860007e+00) (1, -1.83820679974071166107e+00) (2, -1.20428045153051339611e+01) (3, 5.07179344550583444118e+00) (4, -1.89211260566651340298e+01) (5, 1.66184528378426961126e+01) (6, 1.33052934342162765269e+00) (7, 1.66042497812987051020e+01) (0, 4.33043199620741159350e+00) (1, -6.21447195855825765265e-02) (2, 1.39051220576530321082e+00) (3, -4.88882225285102567369e+00) (4, -1.35792724311139845206e+00) (5, 1.89997921545997416892e+00) (6, -1.14971096576205145112e+01) (7, 8.18674934955587296770e+00) (0, 5.80347511667329896135e-01) (1, -8.13215065457530528192e+00) (2, 7.99155538216099348148e+00) (3, -5.58584179385842283239e+00) (4, 2.68524556210867038075e+00) (5, -4.16995791425529116481e+00) (6, 8.29249709709227822430e+00) (7, -4.54280695343757212612e+00) (0, 1.49995493403574914737e+03) (1, 2.13890595625767446109e+02) (2, 1.15319662871364448620e+03) (3, -1.04607843342234090755e+02) (4, -1.49528792897848461507e+03) (5, -1.50000000000000000000e+03) (6, -1.45148159679585160120e+03) (7, -7.39392758650364953610e+02) (0, -2.89151174406820254958e-01) (1, -1.00279349854737720449e+01) (2, 1.61738673967716217739e+00) (3, -9.46953276352177120145e+00) (4, 1.25262920358176597091e+01) (5, 1.02341696116995339860e-01) (6, 1.79209314202735292554e+00) (7, 6.83800443832304249980e+00) (0, -1.05721017784700705988e+01) (1, 6.38702853439370432653e+00) (2, -1.45507085252646906071e+01) (3, -9.36266177799249099678e+00) (4, 4.62648866610186786374e+01) (5, -4.83600365021814748712e-01) (6, -1.67091860638725253629e+00) (7, 4.59794884238629819606e+00) (8, -9.53008067512655010489e+00) (9, -5.99881022936521191014e+00) (10, 4.98208916073139640446e+00) (11, 8.32020827803986406934e+00) (12, -1.46690396904913811227e-01) (13, -4.87867587704797411874e+00) (14, 3.37855178208925144290e+00) (15, 2.71299084433593851173e+00) 
