FANN_FLO_2.1
num_layers=3
learning_rate=0.700000
connection_rate=1.000000
network_type=0
learning_momentum=0.000000
training_algorithm=2
train_error_function=1
train_stop_function=0
cascade_output_change_fraction=0.010000
quickprop_decay=-0.000100
quickprop_mu=1.750000
rprop_increase_factor=1.200000
rprop_decrease_factor=0.500000
rprop_delta_min=0.000000
rprop_delta_max=50.000000
rprop_delta_zero=0.100000
cascade_output_stagnation_epochs=12
cascade_candidate_change_fraction=0.010000
cascade_candidate_stagnation_epochs=12
cascade_max_out_epochs=150
cascade_max_cand_epochs=150
cascade_num_candidate_groups=2
bit_fail_limit=3.49999999999999977796e-01
cascade_candidate_limit=1.00000000000000000000e+03
cascade_weight_multiplier=4.00000000000000022204e-01
cascade_activation_functions_count=10
cascade_activation_functions=3 5 7 8 10 11 14 15 16 17 
cascade_activation_steepnesses_count=4
cascade_activation_steepnesses=2.50000000000000000000e-01 5.00000000000000000000e-01 7.50000000000000000000e-01 1.00000000000000000000e+00 
layer_sizes=8 8 2 
scale_included=0
neurons (num_inputs, activation_function, activation_steepness)=(0, 0, 0.00000000000000000000e+00) (0, 0, 0.00000000000000000000e+00) (0, 0, 0.00000000000000000000e+00) (0, 0, 0.00000000000000000000e+00) (0, 0, 0.00000000000000000000e+00) (0, 0, 0.00000000000000000000e+00) (0, 0, 0.00000000000000000000e+00) (0, 0, 0.00000000000000000000e+00) (8, 4, 5.00000000000000000000e-01) (8, 4, 5.00000000000000000000e-01) (8, 4, 5.00000000000000000000e-01) (8, 4, 5.00000000000000000000e-01) (8, 4, 5.00000000000000000000e-01) (8, 4, 5.00000000000000000000e-01) (8, 4, 5.00000000000000000000e-01) (0, 0, 0.00000000000000000000e+00) (8, 6, 5.00000000000000000000e-01) (0, 6, 0.00000000000000000000e+00) 
connections (connected_to_neuron, weight)=(0, -1.15588452408194541476e+02) (1, 1.12657718932203110285e+02) (2, 1.48057018157305169126e+01) (3, -3.94808407840842150449e+01) (4, -1.02855442391359744647e+02) (5, 1.92460785438683963378e+01) (6, -8.00190797890866711839e+00) (7, 6.63625603729407202991e+01) (0, 8.20213784588757710559e-01) (1, 9.06618440363844158014e+00) (2, -2.11197533636932384127e+01) (3, 2.15669879111541362704e+01) (4, -5.29063031967287500379e+01) (5, 3.24500718952781070925e+01) (6, 7.84698498776641031327e+01) (7, -8.02149444588617832608e+00) (0, -1.50000000000000000000e+03) (1, -1.81588562305271530306e+01) (2, 5.03110124517754798035e+02) (3, 1.30236170165014209488e+03) (4, 3.86873155852669697197e+02) (5, -1.50000000000000000000e+03) (6, -1.17611829683796145218e+02) (7, -2.12380844228502461135e+01) (0, 1.88970969421761054718e+01) (1, 1.38004064494692162413e+01) (2, -6.55532079395290310231e+01) (3, 4.47416636430452072659e+01) (4, 7.60333130617877230861e+01) (5, -6.75633189254114654432e+01) (6, -4.12193419946763413009e+01) (7, -7.37737188846617347737e-02) (0, -1.04206457738627484844e+01) (1, -9.21665860635084399632e+00) (2, 8.11291547530111323283e+00) (3, -4.46607720114374160403e+01) (4, 2.78777651018982055575e+01) (5, 3.21108002143623565416e+01) (6, 2.95615661186496296864e+01) (7, 2.60476868269294792313e+00) (0, -5.99748132560715205841e+01) (1, 1.70634488442272498787e+02) (2, 3.10180937206645410242e+02) (3, 4.99354904923940239314e+01) (4, -1.50000000000000000000e+03) (5, -1.50000000000000000000e+03) (6, -3.21191529139061174192e+02) (7, 3.39752737437729308567e+02) (0, 1.50000000000000000000e+03) (1, 1.50000000000000000000e+03) (2, 1.50000000000000000000e+03) (3, 3.92064016707342432255e+02) (4, 1.50000000000000000000e+03) (5, 1.50000000000000000000e+03) (6, 1.50000000000000000000e+03) (7, -4.95730983148834070562e+02) (8, 6.08802074248718461114e-01) (9, -8.36104402240040345262e-01) (10, -2.32331468615219538520e+00) (11, 1.69516216634166050348e+00) (12, -2.07725405462707213289e+00) (13, -2.19578785763265127429e+00) (14, 9.87569255066443218993e-01) (15, 1.42385008064788487481e+00) 
