FANN_FLO_2.1
num_layers=3
learning_rate=0.700000
connection_rate=1.000000
network_type=0
learning_momentum=0.000000
training_algorithm=2
train_error_function=1
train_stop_function=0
cascade_output_change_fraction=0.010000
quickprop_decay=-0.000100
quickprop_mu=1.750000
rprop_increase_factor=1.200000
rprop_decrease_factor=0.500000
rprop_delta_min=0.000000
rprop_delta_max=50.000000
rprop_delta_zero=0.100000
cascade_output_stagnation_epochs=12
cascade_candidate_change_fraction=0.010000
cascade_candidate_stagnation_epochs=12
cascade_max_out_epochs=150
cascade_max_cand_epochs=150
cascade_num_candidate_groups=2
bit_fail_limit=3.49999999999999977796e-01
cascade_candidate_limit=1.00000000000000000000e+03
cascade_weight_multiplier=4.00000000000000022204e-01
cascade_activation_functions_count=10
cascade_activation_functions=3 5 7 8 10 11 14 15 16 17 
cascade_activation_steepnesses_count=4
cascade_activation_steepnesses=2.50000000000000000000e-01 5.00000000000000000000e-01 7.50000000000000000000e-01 1.00000000000000000000e+00 
layer_sizes=8 6 2 
scale_included=0
neurons (num_inputs, activation_function, activation_steepness)=(0, 0, 0.00000000000000000000e+00) (0, 0, 0.00000000000000000000e+00) (0, 0, 0.00000000000000000000e+00) (0, 0, 0.00000000000000000000e+00) (0, 0, 0.00000000000000000000e+00) (0, 0, 0.00000000000000000000e+00) (0, 0, 0.00000000000000000000e+00) (0, 0, 0.00000000000000000000e+00) (8, 4, 5.00000000000000000000e-01) (8, 4, 5.00000000000000000000e-01) (8, 4, 5.00000000000000000000e-01) (8, 4, 5.00000000000000000000e-01) (8, 4, 5.00000000000000000000e-01) (0, 0, 0.00000000000000000000e+00) (6, 6, 5.00000000000000000000e-01) (0, 6, 0.00000000000000000000e+00) 
connections (connected_to_neuron, weight)=(0, -2.26990317743467556966e+02) (1, 1.50000000000000000000e+03) (2, 2.14162253876658724039e+02) (3, -2.23304018297256988035e+02) (4, -4.67281269497973426041e+02) (5, -3.33714019147974809698e+01) (6, 1.62499830469902377672e+02) (7, 3.00930202233935766287e+01) (0, -1.32681818958385838414e+03) (1, -1.03754811703430254965e+03) (2, 1.31023411441622192797e+03) (3, -4.90770158416274355773e+01) (4, 1.23095140192253006717e+03) (5, -1.50000000000000000000e+03) (6, 5.09869745286204249624e+02) (7, -1.34811145282310292259e+02) (0, -2.29551035052054475116e+00) (1, 6.56488076328797287573e+00) (2, 1.75582535280534468569e-01) (3, -8.52954140414664863101e+00) (4, 7.77869297654060432023e+00) (5, -6.86973277259834524955e+00) (6, -6.14717885487737714101e+00) (7, 2.91756067474620817137e+00) (0, 2.84777202706668049359e+02) (1, 1.47722106560526867725e+02) (2, -9.24401713956665531668e+01) (3, -6.93486485785417130501e+02) (4, 5.42053280073645169068e+02) (5, -1.50000000000000000000e+03) (6, -3.53227175115333977828e+01) (7, -2.11702184718896511129e+01) (0, 3.51905947933440415909e+02) (1, 6.49588351693869299197e+01) (2, 1.15916041439043533501e+03) (3, 9.71727341025786927275e+02) (4, -1.42558581797409237879e+03) (5, -1.50000000000000000000e+03) (6, -1.50000000000000000000e+03) (7, -2.66824502092806419284e+01) (8, -1.41462553141771230081e+00) (9, -2.07390962150802637964e+00) (10, 2.62718407865443293048e+00) (11, -2.07629225274880413465e+00) (12, 1.55273656951953631378e+00) (13, 9.70800316207134139646e-01) 
