FANN_FLO_2.1
num_layers=3
learning_rate=0.700000
connection_rate=1.000000
network_type=0
learning_momentum=0.000000
training_algorithm=2
train_error_function=1
train_stop_function=0
cascade_output_change_fraction=0.010000
quickprop_decay=-0.000100
quickprop_mu=1.750000
rprop_increase_factor=1.200000
rprop_decrease_factor=0.500000
rprop_delta_min=0.000000
rprop_delta_max=50.000000
rprop_delta_zero=0.100000
cascade_output_stagnation_epochs=12
cascade_candidate_change_fraction=0.010000
cascade_candidate_stagnation_epochs=12
cascade_max_out_epochs=150
cascade_max_cand_epochs=150
cascade_num_candidate_groups=2
bit_fail_limit=3.49999999999999977796e-01
cascade_candidate_limit=1.00000000000000000000e+03
cascade_weight_multiplier=4.00000000000000022204e-01
cascade_activation_functions_count=10
cascade_activation_functions=3 5 7 8 10 11 14 15 16 17 
cascade_activation_steepnesses_count=4
cascade_activation_steepnesses=2.50000000000000000000e-01 5.00000000000000000000e-01 7.50000000000000000000e-01 1.00000000000000000000e+00 
layer_sizes=8 6 2 
scale_included=0
neurons (num_inputs, activation_function, activation_steepness)=(0, 0, 0.00000000000000000000e+00) (0, 0, 0.00000000000000000000e+00) (0, 0, 0.00000000000000000000e+00) (0, 0, 0.00000000000000000000e+00) (0, 0, 0.00000000000000000000e+00) (0, 0, 0.00000000000000000000e+00) (0, 0, 0.00000000000000000000e+00) (0, 0, 0.00000000000000000000e+00) (8, 4, 5.00000000000000000000e-01) (8, 4, 5.00000000000000000000e-01) (8, 4, 5.00000000000000000000e-01) (8, 4, 5.00000000000000000000e-01) (8, 4, 5.00000000000000000000e-01) (0, 0, 0.00000000000000000000e+00) (6, 6, 5.00000000000000000000e-01) (0, 6, 0.00000000000000000000e+00) 
connections (connected_to_neuron, weight)=(0, -1.50000000000000000000e+03) (1, -1.50000000000000000000e+03) (2, -1.50000000000000000000e+03) (3, 1.49999993999999765038e+03) (4, 2.31143523643181197258e+02) (5, -1.50000000000000000000e+03) (6, -1.50000000000000000000e+03) (7, -6.67115803877592572491e+00) (0, -3.94060633254964329808e+01) (1, 9.59562125780821872922e+01) (2, -2.11795618264303925571e+02) (3, 7.51955296138506241732e+01) (4, 7.90905850033199158133e+01) (5, -6.60701387226104799311e+01) (6, 3.02351452890620322478e+01) (7, -3.25900894669504879175e+01) (0, 6.96852134348669238761e+01) (1, 2.37945914398660704592e+02) (2, -2.27084769513276370390e+02) (3, 2.44596702554772548410e+02) (4, -7.06870343972704660018e+01) (5, -1.84699094912425643145e+01) (6, -1.50010782629130432042e+02) (7, 1.80583808886407233274e+01) (0, -5.94149786854830175287e+00) (1, 1.12221907837875711778e+01) (2, -1.59019632319817239008e+00) (3, -2.11533466202970688030e+00) (4, -3.42851271881735641944e-01) (5, 1.27558939486543815311e-01) (6, -5.12912222073759327401e+00) (7, 3.09010127804572487520e+00) (0, -2.00188203895297107238e+02) (1, 1.58128142981265767730e+02) (2, 3.41159504909068234113e+00) (3, 2.69778171137734261720e+01) (4, 3.46287374121490358903e+01) (5, 9.63900124921318557369e+00) (6, 3.91230369924399745685e+00) (7, -1.14218592515070316296e+01) (8, 1.78404684594140583442e+00) (9, -2.99712394072444077153e+00) (10, -1.71100533692791745288e+00) (11, 5.14329481145256917074e+00) (12, -1.55857592827252910972e+00) (13, -1.19855222755464896345e+00) 
