FANN_FLO_2.1
num_layers=3
learning_rate=0.700000
connection_rate=1.000000
network_type=0
learning_momentum=0.000000
training_algorithm=2
train_error_function=1
train_stop_function=0
cascade_output_change_fraction=0.010000
quickprop_decay=-0.000100
quickprop_mu=1.750000
rprop_increase_factor=1.200000
rprop_decrease_factor=0.500000
rprop_delta_min=0.000000
rprop_delta_max=50.000000
rprop_delta_zero=0.100000
cascade_output_stagnation_epochs=12
cascade_candidate_change_fraction=0.010000
cascade_candidate_stagnation_epochs=12
cascade_max_out_epochs=150
cascade_max_cand_epochs=150
cascade_num_candidate_groups=2
bit_fail_limit=3.49999999999999977796e-01
cascade_candidate_limit=1.00000000000000000000e+03
cascade_weight_multiplier=4.00000000000000022204e-01
cascade_activation_functions_count=10
cascade_activation_functions=3 5 7 8 10 11 14 15 16 17 
cascade_activation_steepnesses_count=4
cascade_activation_steepnesses=2.50000000000000000000e-01 5.00000000000000000000e-01 7.50000000000000000000e-01 1.00000000000000000000e+00 
layer_sizes=8 8 2 
scale_included=0
neurons (num_inputs, activation_function, activation_steepness)=(0, 0, 0.00000000000000000000e+00) (0, 0, 0.00000000000000000000e+00) (0, 0, 0.00000000000000000000e+00) (0, 0, 0.00000000000000000000e+00) (0, 0, 0.00000000000000000000e+00) (0, 0, 0.00000000000000000000e+00) (0, 0, 0.00000000000000000000e+00) (0, 0, 0.00000000000000000000e+00) (8, 4, 5.00000000000000000000e-01) (8, 4, 5.00000000000000000000e-01) (8, 4, 5.00000000000000000000e-01) (8, 4, 5.00000000000000000000e-01) (8, 4, 5.00000000000000000000e-01) (8, 4, 5.00000000000000000000e-01) (8, 4, 5.00000000000000000000e-01) (0, 0, 0.00000000000000000000e+00) (8, 6, 5.00000000000000000000e-01) (0, 6, 0.00000000000000000000e+00) 
connections (connected_to_neuron, weight)=(0, -5.30433513512591137129e+00) (1, 9.40794392697885761834e+00) (2, -2.05456434569154344771e+00) (3, -1.29431997254714037382e+00) (4, 4.52348181124856285606e+00) (5, 1.26700407084119404111e+00) (6, -1.13754864431330579566e-01) (7, -2.16768452726209792658e+00) (0, -4.24997852948255115280e+02) (1, -1.50000000000000000000e+03) (2, -1.50000000000000000000e+03) (3, -1.37147268350586568886e+03) (4, -1.56003340106885360683e+02) (5, 1.30863592920212363424e+03) (6, -1.47924821311610116936e+03) (7, -1.30006480234629839821e+00) (0, 9.62811737795534128281e+01) (1, -1.29399268249078545523e+02) (2, 3.55346700657400802470e+01) (3, 2.30040840406059260204e+02) (4, 1.46218341481119686875e+01) (5, -6.78450104088694683213e+00) (6, -2.54976734741579804222e+02) (7, -1.73956032510596472207e+01) (0, 3.16313989231082581810e+00) (1, -8.39096636005559659566e+00) (2, 4.02793071205051322892e+00) (3, 3.84945812681664001342e-01) (4, -1.80910817506588306181e+00) (5, -7.87978742032232504222e-01) (6, -1.60849611289179406093e+00) (7, 2.03240008826216689286e+00) (0, 2.56411886933707293679e+01) (1, -2.43997638445264328766e+01) (2, 3.36951463585120052358e+01) (3, 2.54285269796689163968e+01) (4, 1.20342566370365361195e+02) (5, -2.17028476993085028823e+01) (6, -7.16210032249439620955e+01) (7, -1.83375246474296496046e+01) (0, 1.32864124481775185416e+01) (1, -2.78882302248985567417e+01) (2, -1.95577409395988226493e+01) (3, -7.43738810634777252062e+01) (4, 1.94662425246483621777e+02) (5, 2.04863773757525052588e+02) (6, 6.68345782534078125536e+01) (7, -1.48662941709990441552e+01) (0, 2.37703134707112972990e+01) (1, -1.21795267600110264539e+02) (2, 7.66887488899894265160e+01) (3, -6.63337848773595908369e+01) (4, 4.35956874906396905089e+01) (5, 1.33800393371514090290e+01) (6, 5.23695029432706391503e+01) (7, -3.41786412585178567269e+00) (8, 1.01324731328348764947e+01) (9, 4.38447615193951423240e-01) (10, -1.71135877132284819346e+00) (11, 9.42311534355454583078e+00) (12, -2.01078786387274544012e+00) (13, -1.42753548891594417292e+00) (14, -1.64344760267884892890e+00) (15, -6.20761066592096799610e+00) 
