FANN_FLO_2.1
num_layers=3
learning_rate=0.700000
connection_rate=1.000000
network_type=0
learning_momentum=0.000000
training_algorithm=2
train_error_function=1
train_stop_function=0
cascade_output_change_fraction=0.010000
quickprop_decay=-0.000100
quickprop_mu=1.750000
rprop_increase_factor=1.200000
rprop_decrease_factor=0.500000
rprop_delta_min=0.000000
rprop_delta_max=50.000000
rprop_delta_zero=0.100000
cascade_output_stagnation_epochs=12
cascade_candidate_change_fraction=0.010000
cascade_candidate_stagnation_epochs=12
cascade_max_out_epochs=150
cascade_max_cand_epochs=150
cascade_num_candidate_groups=2
bit_fail_limit=3.49999999999999977796e-01
cascade_candidate_limit=1.00000000000000000000e+03
cascade_weight_multiplier=4.00000000000000022204e-01
cascade_activation_functions_count=10
cascade_activation_functions=3 5 7 8 10 11 14 15 16 17 
cascade_activation_steepnesses_count=4
cascade_activation_steepnesses=2.50000000000000000000e-01 5.00000000000000000000e-01 7.50000000000000000000e-01 1.00000000000000000000e+00 
layer_sizes=8 8 2 
scale_included=0
neurons (num_inputs, activation_function, activation_steepness)=(0, 0, 0.00000000000000000000e+00) (0, 0, 0.00000000000000000000e+00) (0, 0, 0.00000000000000000000e+00) (0, 0, 0.00000000000000000000e+00) (0, 0, 0.00000000000000000000e+00) (0, 0, 0.00000000000000000000e+00) (0, 0, 0.00000000000000000000e+00) (0, 0, 0.00000000000000000000e+00) (8, 4, 5.00000000000000000000e-01) (8, 4, 5.00000000000000000000e-01) (8, 4, 5.00000000000000000000e-01) (8, 4, 5.00000000000000000000e-01) (8, 4, 5.00000000000000000000e-01) (8, 4, 5.00000000000000000000e-01) (8, 4, 5.00000000000000000000e-01) (0, 0, 0.00000000000000000000e+00) (8, 6, 5.00000000000000000000e-01) (0, 6, 0.00000000000000000000e+00) 
connections (connected_to_neuron, weight)=(0, -1.20325625622978662932e+02) (1, 1.19615905532523228771e+02) (2, -3.66870117943161559992e+01) (3, 1.59375244332377121736e+02) (4, -4.08623341317187055211e+02) (5, -2.33043961584939260945e+01) (6, 1.17671216774552050310e+02) (7, -7.73987559847633743715e+00) (0, 2.14332125598773984620e+02) (1, -2.23247346787408702085e+02) (2, 1.06690968774418948328e+02) (3, -7.02388817607869668791e+01) (4, -1.04195890882873982264e+02) (5, -1.79599391187710928364e+01) (6, -9.95594649717363751051e+01) (7, 7.11188459136435255914e+01) (0, 4.83254979508638768948e+01) (1, -2.91468237465096748906e+01) (2, 3.53095115371408496685e+01) (3, 3.08346646156289878604e+01) (4, 1.52439773537537604398e+02) (5, -2.69484567983295768556e+01) (6, -1.05858080582920450752e+02) (7, -2.00997660776158966200e+01) (0, 8.47795038867329209253e-01) (1, -9.42959970199151342740e+00) (2, -1.28213216578488653496e+00) (3, 8.90297813029777884708e+00) (4, -1.02137395950249953991e+00) (5, -1.23620731206341316621e+00) (6, 9.61065333441747604581e+00) (7, -2.77834836929205319933e+00) (0, -3.05168637986115562910e+01) (1, 4.78707969614298267658e+00) (2, -6.22378100619467300447e-01) (3, -1.01056876856766706396e+01) (4, 6.39005020687254088330e+00) (5, 3.47860690816075646126e+00) (6, 2.48137596632538688368e+01) (7, -3.83093403747385163882e+00) (0, 8.43654049813528139623e+00) (1, -5.51207748568272393186e+00) (2, 1.71399675218827907131e+00) (3, 4.50597176669447829767e+00) (4, -1.29779774823564619801e+00) (5, -1.75416811066177902312e+00) (6, -3.91967572167356248514e+00) (7, 6.29412232121749237734e-01) (0, -3.60842815936807497224e+01) (1, 3.71202613165260828509e+01) (2, 3.58488488346980531674e+01) (3, -1.07157692546920522148e+01) (4, -4.64531942777881852180e+01) (5, -6.23560411517099666412e+00) (6, -4.21250912792488030334e+00) (7, 7.28040248434181136439e-01) (8, -4.41070866179880383129e+00) (9, -1.78272845302590066119e+00) (10, -1.93755991660076198890e+00) (11, -4.39918737764920653177e+00) (12, 4.04154703831739769981e+00) (13, 7.90509478775392882000e+00) (14, 5.04136126025905451087e+00) (15, -2.50550866364867097502e+00) 
