FANN_FLO_2.1
num_layers=3
learning_rate=0.700000
connection_rate=1.000000
network_type=0
learning_momentum=0.000000
training_algorithm=2
train_error_function=1
train_stop_function=0
cascade_output_change_fraction=0.010000
quickprop_decay=-0.000100
quickprop_mu=1.750000
rprop_increase_factor=1.200000
rprop_decrease_factor=0.500000
rprop_delta_min=0.000000
rprop_delta_max=50.000000
rprop_delta_zero=0.100000
cascade_output_stagnation_epochs=12
cascade_candidate_change_fraction=0.010000
cascade_candidate_stagnation_epochs=12
cascade_max_out_epochs=150
cascade_max_cand_epochs=150
cascade_num_candidate_groups=2
bit_fail_limit=3.49999999999999977796e-01
cascade_candidate_limit=1.00000000000000000000e+03
cascade_weight_multiplier=4.00000000000000022204e-01
cascade_activation_functions_count=10
cascade_activation_functions=3 5 7 8 10 11 14 15 16 17 
cascade_activation_steepnesses_count=4
cascade_activation_steepnesses=2.50000000000000000000e-01 5.00000000000000000000e-01 7.50000000000000000000e-01 1.00000000000000000000e+00 
layer_sizes=8 8 2 
scale_included=0
neurons (num_inputs, activation_function, activation_steepness)=(0, 0, 0.00000000000000000000e+00) (0, 0, 0.00000000000000000000e+00) (0, 0, 0.00000000000000000000e+00) (0, 0, 0.00000000000000000000e+00) (0, 0, 0.00000000000000000000e+00) (0, 0, 0.00000000000000000000e+00) (0, 0, 0.00000000000000000000e+00) (0, 0, 0.00000000000000000000e+00) (8, 4, 5.00000000000000000000e-01) (8, 4, 5.00000000000000000000e-01) (8, 4, 5.00000000000000000000e-01) (8, 4, 5.00000000000000000000e-01) (8, 4, 5.00000000000000000000e-01) (8, 4, 5.00000000000000000000e-01) (8, 4, 5.00000000000000000000e-01) (0, 0, 0.00000000000000000000e+00) (8, 6, 5.00000000000000000000e-01) (0, 6, 0.00000000000000000000e+00) 
connections (connected_to_neuron, weight)=(0, -1.50000000000000000000e+03) (1, -1.50000000000000000000e+03) (2, 7.43776366638659624186e+02) (3, 1.50000000000000000000e+03) (4, -1.37456564840882106182e+03) (5, 8.88428335718092284878e+02) (6, -1.50000000000000000000e+03) (7, -2.12709086477112066405e+02) (0, -3.09512517058527691916e+02) (1, 3.83505591939759142406e+02) (2, -7.17197815283883954862e+01) (3, -4.56650461926413186120e+02) (4, -4.93236763933547628369e+00) (5, 1.50489331840112328109e+02) (6, 7.18716350067147971004e+01) (7, 1.48434213898547369581e+02) (0, 6.02591981773646594434e+01) (1, -7.39137109647863468354e+01) (2, 3.85560243899080177243e+01) (3, 9.50195912949744894149e+01) (4, -4.95770260681443559747e+01) (5, -2.28512595418366686317e+01) (6, -6.14509509435296834567e+01) (7, 8.68241844499493886644e+00) (0, 2.59812941240192515124e+02) (1, 2.13397449150649691774e+02) (2, -1.34028592484571890964e+03) (3, -6.75971890864829106249e+02) (4, 1.50000000000000000000e+03) (5, -1.49156483534366338972e+03) (6, -4.28128201882553355517e+02) (7, 7.01954910089071262291e+01) (0, -8.89471529256508347316e+02) (1, 6.03911039245614006177e+02) (2, -6.52038560196353273568e+02) (3, -1.66140070098621265515e+02) (4, -8.69712118346791953627e+02) (5, 1.50000000000000000000e+03) (6, -1.71417593783994675505e+02) (7, 5.44664932603440433923e+02) (0, 6.36142044638859829320e+02) (1, -5.05111539423946396710e+02) (2, 2.39593663399518732149e+02) (3, -5.26084207640171598541e+02) (4, 3.38369473293069006559e+02) (5, 1.38846244745029224532e+02) (6, -2.24771514129035836049e+02) (7, -1.53851728623238074078e+02) (0, -1.84865386752570692863e+01) (1, 1.89011634342623779048e+02) (2, 4.82745154139670518134e+01) (3, -4.07202216717518723499e+01) (4, -1.11581370057333941759e+02) (5, -3.25788014765567083941e+02) (6, -1.55775241208558412609e+02) (7, 5.33582289389651265310e+00) (8, -8.76957431672300113945e-01) (9, 1.28732592449532923240e+00) (10, 1.42926436200672313248e+00) (11, 2.02188983727465831919e+00) (12, -1.12834353331037373636e+00) (13, 1.62094986446683297920e+00) (14, -6.93990140963390622630e-01) (15, -7.87577996702686355945e-01) 
