FANN_FLO_2.1
num_layers=3
learning_rate=0.700000
connection_rate=1.000000
network_type=0
learning_momentum=0.000000
training_algorithm=2
train_error_function=1
train_stop_function=0
cascade_output_change_fraction=0.010000
quickprop_decay=-0.000100
quickprop_mu=1.750000
rprop_increase_factor=1.200000
rprop_decrease_factor=0.500000
rprop_delta_min=0.000000
rprop_delta_max=50.000000
rprop_delta_zero=0.100000
cascade_output_stagnation_epochs=12
cascade_candidate_change_fraction=0.010000
cascade_candidate_stagnation_epochs=12
cascade_max_out_epochs=150
cascade_max_cand_epochs=150
cascade_num_candidate_groups=2
bit_fail_limit=3.49999999999999977796e-01
cascade_candidate_limit=1.00000000000000000000e+03
cascade_weight_multiplier=4.00000000000000022204e-01
cascade_activation_functions_count=10
cascade_activation_functions=3 5 7 8 10 11 14 15 16 17 
cascade_activation_steepnesses_count=4
cascade_activation_steepnesses=2.50000000000000000000e-01 5.00000000000000000000e-01 7.50000000000000000000e-01 1.00000000000000000000e+00 
layer_sizes=8 8 2 
scale_included=0
neurons (num_inputs, activation_function, activation_steepness)=(0, 0, 0.00000000000000000000e+00) (0, 0, 0.00000000000000000000e+00) (0, 0, 0.00000000000000000000e+00) (0, 0, 0.00000000000000000000e+00) (0, 0, 0.00000000000000000000e+00) (0, 0, 0.00000000000000000000e+00) (0, 0, 0.00000000000000000000e+00) (0, 0, 0.00000000000000000000e+00) (8, 4, 5.00000000000000000000e-01) (8, 4, 5.00000000000000000000e-01) (8, 4, 5.00000000000000000000e-01) (8, 4, 5.00000000000000000000e-01) (8, 4, 5.00000000000000000000e-01) (8, 4, 5.00000000000000000000e-01) (8, 4, 5.00000000000000000000e-01) (0, 0, 0.00000000000000000000e+00) (8, 6, 5.00000000000000000000e-01) (0, 6, 0.00000000000000000000e+00) 
connections (connected_to_neuron, weight)=(0, 1.16621988263582125001e+03) (1, -3.47883057697625247329e+02) (2, 3.00762219782879931529e+01) (3, 3.33520932527708907855e+02) (4, 2.61540370009258481332e+02) (5, -1.50000000000000000000e+03) (6, -5.04378226093100806793e+02) (7, -2.62714795868382850585e+02) (0, 4.30089620417261926377e+01) (1, -2.81107256631722783879e+01) (2, 2.14341790761944821497e+02) (3, -1.49050121816397535213e+02) (4, 2.09658685725956672741e+02) (5, 1.07229682436398704226e+02) (6, -2.58875501311638231527e+02) (7, 2.17484283193868073170e+01) (0, 1.83123711648432845323e+02) (1, -2.84021411797751113681e+02) (2, -9.89881777105778041914e+02) (3, 1.49420171358307902665e+03) (4, -1.44811676626318740091e+03) (5, 1.50000000000000000000e+03) (6, 1.83996996919492303846e+01) (7, 1.50000000000000000000e+03) (0, 1.81237579867255895749e+01) (1, -2.89295073046334550781e+02) (2, -1.74525073490044206892e+02) (3, -1.61092382105555117278e+02) (4, 1.17411821123098570752e+03) (5, 1.50000000000000000000e+03) (6, 1.15813525705425050205e+02) (7, 2.17430735115186820394e+02) (0, -3.74509698240522723722e+01) (1, 1.46883183368019700765e+02) (2, -9.92332586708258546082e+00) (3, -6.83653539360986997053e+01) (4, 4.61296728669459312755e+01) (5, -3.07731461257101557294e+01) (6, 7.90364395571396460838e+00) (7, -1.48066730919778333231e+01) (0, 1.90288698380635281637e+01) (1, -5.15180355217691641201e+01) (2, 1.61354765782385349837e+01) (3, 3.58120547027696645159e+01) (4, -6.37599815457497882676e+01) (5, 5.12159496719450331170e+01) (6, -1.42766904258924878235e+01) (7, 3.27199390717820151053e+01) (0, -1.61030569950967397119e+01) (1, 5.14598145201762733336e+01) (2, 7.18669921876089290436e+00) (3, -8.91213614806617897557e+01) (4, 3.16165189632340712933e+01) (5, 2.12617911957028695724e+01) (6, 4.55651392895537998839e+00) (7, 1.27936570577425339224e+01) (8, 1.49374498823527779301e+00) (9, 1.21231657325660613367e+00) (10, -2.54547120639306800882e+00) (11, -1.39311798693435462404e+00) (12, -9.05411680346225100635e-01) (13, 1.55373597739074931212e+00) (14, 1.28344048439606983614e+00) (15, 7.83948256055373993156e-01) 
