FANN_FLO_2.1
num_layers=3
learning_rate=0.700000
connection_rate=1.000000
network_type=0
learning_momentum=0.000000
training_algorithm=2
train_error_function=1
train_stop_function=0
cascade_output_change_fraction=0.010000
quickprop_decay=-0.000100
quickprop_mu=1.750000
rprop_increase_factor=1.200000
rprop_decrease_factor=0.500000
rprop_delta_min=0.000000
rprop_delta_max=50.000000
rprop_delta_zero=0.100000
cascade_output_stagnation_epochs=12
cascade_candidate_change_fraction=0.010000
cascade_candidate_stagnation_epochs=12
cascade_max_out_epochs=150
cascade_max_cand_epochs=150
cascade_num_candidate_groups=2
bit_fail_limit=3.49999999999999977796e-01
cascade_candidate_limit=1.00000000000000000000e+03
cascade_weight_multiplier=4.00000000000000022204e-01
cascade_activation_functions_count=10
cascade_activation_functions=3 5 7 8 10 11 14 15 16 17 
cascade_activation_steepnesses_count=4
cascade_activation_steepnesses=2.50000000000000000000e-01 5.00000000000000000000e-01 7.50000000000000000000e-01 1.00000000000000000000e+00 
layer_sizes=8 8 2 
scale_included=0
neurons (num_inputs, activation_function, activation_steepness)=(0, 0, 0.00000000000000000000e+00) (0, 0, 0.00000000000000000000e+00) (0, 0, 0.00000000000000000000e+00) (0, 0, 0.00000000000000000000e+00) (0, 0, 0.00000000000000000000e+00) (0, 0, 0.00000000000000000000e+00) (0, 0, 0.00000000000000000000e+00) (0, 0, 0.00000000000000000000e+00) (8, 4, 5.00000000000000000000e-01) (8, 4, 5.00000000000000000000e-01) (8, 4, 5.00000000000000000000e-01) (8, 4, 5.00000000000000000000e-01) (8, 4, 5.00000000000000000000e-01) (8, 4, 5.00000000000000000000e-01) (8, 4, 5.00000000000000000000e-01) (0, 0, 0.00000000000000000000e+00) (8, 6, 5.00000000000000000000e-01) (0, 6, 0.00000000000000000000e+00) 
connections (connected_to_neuron, weight)=(0, 2.80932933038685234806e+02) (1, -5.95853394773100944803e+02) (2, 4.40789599146667001150e+02) (3, 1.00165709953172338942e+02) (4, -5.60148511017474604046e+01) (5, 2.20169557884440422413e+02) (6, -2.35280546517994764599e+02) (7, -1.31657593405675299891e+02) (0, -8.06146834397437750397e+00) (1, 7.41261388768665430149e+00) (2, -5.22139011257840568447e+00) (3, 1.12329741866620320678e+01) (4, -9.39783871833811979002e+00) (5, -6.93032028957856205409e+00) (6, -4.97924000762209395532e+00) (7, 5.23565999976934204341e-01) (0, -9.36502980234186388486e+00) (1, -6.75649279421251680589e+00) (2, -7.11182620446036306561e-01) (3, 8.09509309116455177957e+00) (4, -4.54425923737857306861e+00) (5, 8.19415288007786735136e+00) (6, 4.74899522770985349496e+00) (7, 1.35569658611316645747e-01) (0, -1.30139819396542861796e+02) (1, 8.30319933051757288922e+02) (2, -2.68399109615493728143e+02) (3, -4.99542337358703889549e+02) (4, 1.50000000000000000000e+03) (5, -6.84763057603958941399e+02) (6, 1.01097874414779278140e+03) (7, -1.46158602107986621377e+03) (0, -1.78197478290944033574e+01) (1, 1.54585918611419437241e+01) (2, -8.16027669227505292326e+00) (3, 5.50789447648403207580e+00) (4, 3.55945918783806236618e+00) (5, -6.42131812180356487119e+00) (6, -1.75793377301529707424e+00) (7, 5.91716474403663927895e-01) (0, 1.64323389192486843058e+02) (1, -2.87195866071613295389e+02) (2, 5.54219897037844049237e+01) (3, 2.55885835538400812084e+02) (4, -1.50000000000000000000e+03) (5, -4.23607455462870802876e+02) (6, -3.11442051340665273074e+02) (7, 2.85303632261973405093e+02) (0, -7.06010371315411475734e+01) (1, 3.25478704892042401298e+02) (2, -6.85686583666233815393e+01) (3, 4.03741255955367392971e+01) (4, 4.63500916590159022235e+01) (5, -3.11052667246673308910e+02) (6, -4.60909131661783249001e+01) (7, 2.92061353733886157613e+01) (8, 1.62342586981272885005e+00) (9, -6.53132996492392869925e+00) (10, -4.69956231220959708139e+00) (11, -5.31994819548871178405e-01) (12, 5.24244692984096083421e+00) (13, 3.21087240017760544575e+00) (14, -2.58245679406416916990e+00) (15, 2.92970455332547841110e+00) 
