FANN_FLO_2.1
num_layers=3
learning_rate=0.700000
connection_rate=1.000000
network_type=0
learning_momentum=0.000000
training_algorithm=2
train_error_function=1
train_stop_function=0
cascade_output_change_fraction=0.010000
quickprop_decay=-0.000100
quickprop_mu=1.750000
rprop_increase_factor=1.200000
rprop_decrease_factor=0.500000
rprop_delta_min=0.000000
rprop_delta_max=50.000000
rprop_delta_zero=0.100000
cascade_output_stagnation_epochs=12
cascade_candidate_change_fraction=0.010000
cascade_candidate_stagnation_epochs=12
cascade_max_out_epochs=150
cascade_max_cand_epochs=150
cascade_num_candidate_groups=2
bit_fail_limit=3.49999999999999977796e-01
cascade_candidate_limit=1.00000000000000000000e+03
cascade_weight_multiplier=4.00000000000000022204e-01
cascade_activation_functions_count=10
cascade_activation_functions=3 5 7 8 10 11 14 15 16 17 
cascade_activation_steepnesses_count=4
cascade_activation_steepnesses=2.50000000000000000000e-01 5.00000000000000000000e-01 7.50000000000000000000e-01 1.00000000000000000000e+00 
layer_sizes=8 6 2 
scale_included=0
neurons (num_inputs, activation_function, activation_steepness)=(0, 0, 0.00000000000000000000e+00) (0, 0, 0.00000000000000000000e+00) (0, 0, 0.00000000000000000000e+00) (0, 0, 0.00000000000000000000e+00) (0, 0, 0.00000000000000000000e+00) (0, 0, 0.00000000000000000000e+00) (0, 0, 0.00000000000000000000e+00) (0, 0, 0.00000000000000000000e+00) (8, 4, 5.00000000000000000000e-01) (8, 4, 5.00000000000000000000e-01) (8, 4, 5.00000000000000000000e-01) (8, 4, 5.00000000000000000000e-01) (8, 4, 5.00000000000000000000e-01) (0, 0, 0.00000000000000000000e+00) (6, 6, 5.00000000000000000000e-01) (0, 6, 0.00000000000000000000e+00) 
connections (connected_to_neuron, weight)=(0, -5.62773277366107009811e+01) (1, 5.93693300929898839513e+01) (2, 3.80280289719622430766e+01) (3, -6.25036265871842022790e+00) (4, 5.29012803875015862332e+01) (5, -3.46371720885446734428e+01) (6, -9.27215622514620037009e+01) (7, 6.70561200333374642923e+01) (0, -2.30609247090374616107e+01) (1, -1.70839707161359598331e+02) (2, 1.13044770853122003018e+01) (3, 1.73556462907903039650e+02) (4, -2.47171525755472288211e+02) (5, 9.49149914150876981012e+01) (6, 2.42254773218680298896e+02) (7, -4.32227119239713672982e+01) (0, 5.13156698429723832078e+01) (1, 8.57184010915961636101e+01) (2, -1.35636515246535964252e+02) (3, 8.18612175258999457128e+01) (4, 5.23630647640379862651e+01) (5, 1.21938048310594354007e+02) (6, 5.52085882358009882864e+01) (7, -2.66039373033661199486e+01) (0, 4.69048451005201272324e+00) (1, -1.64347423009804383121e+00) (2, -8.84411328162992171897e-01) (3, -1.36536056603964395251e+00) (4, 3.00910282752433966280e+00) (5, -5.39497442079680311622e-01) (6, -3.29234434018681065837e+00) (7, -1.45527243970158259856e+00) (0, 1.50000000000000000000e+03) (1, 1.50000000000000000000e+03) (2, -4.78531744288903439610e+02) (3, -1.50000000000000000000e+03) (4, -6.95389226400901065972e+02) (5, -8.16085803717923909062e+02) (6, 1.50000000000000000000e+03) (7, 1.50000000000000000000e+03) (8, 6.49495121466295799451e+00) (9, 1.03184154980462694517e+00) (10, -1.70045403804956074545e+00) (11, 6.74033771875945575403e+00) (12, -5.02134079079331918649e+00) (13, -1.74910702906583104266e+00) 
