FANN_FLO_2.1
num_layers=3
learning_rate=0.700000
connection_rate=1.000000
network_type=0
learning_momentum=0.000000
training_algorithm=2
train_error_function=1
train_stop_function=0
cascade_output_change_fraction=0.010000
quickprop_decay=-0.000100
quickprop_mu=1.750000
rprop_increase_factor=1.200000
rprop_decrease_factor=0.500000
rprop_delta_min=0.000000
rprop_delta_max=50.000000
rprop_delta_zero=0.100000
cascade_output_stagnation_epochs=12
cascade_candidate_change_fraction=0.010000
cascade_candidate_stagnation_epochs=12
cascade_max_out_epochs=150
cascade_max_cand_epochs=150
cascade_num_candidate_groups=2
bit_fail_limit=3.49999999999999977796e-01
cascade_candidate_limit=1.00000000000000000000e+03
cascade_weight_multiplier=4.00000000000000022204e-01
cascade_activation_functions_count=10
cascade_activation_functions=3 5 7 8 10 11 14 15 16 17 
cascade_activation_steepnesses_count=4
cascade_activation_steepnesses=2.50000000000000000000e-01 5.00000000000000000000e-01 7.50000000000000000000e-01 1.00000000000000000000e+00 
layer_sizes=8 8 2 
scale_included=0
neurons (num_inputs, activation_function, activation_steepness)=(0, 0, 0.00000000000000000000e+00) (0, 0, 0.00000000000000000000e+00) (0, 0, 0.00000000000000000000e+00) (0, 0, 0.00000000000000000000e+00) (0, 0, 0.00000000000000000000e+00) (0, 0, 0.00000000000000000000e+00) (0, 0, 0.00000000000000000000e+00) (0, 0, 0.00000000000000000000e+00) (8, 4, 5.00000000000000000000e-01) (8, 4, 5.00000000000000000000e-01) (8, 4, 5.00000000000000000000e-01) (8, 4, 5.00000000000000000000e-01) (8, 4, 5.00000000000000000000e-01) (8, 4, 5.00000000000000000000e-01) (8, 4, 5.00000000000000000000e-01) (0, 0, 0.00000000000000000000e+00) (8, 6, 5.00000000000000000000e-01) (0, 6, 0.00000000000000000000e+00) 
connections (connected_to_neuron, weight)=(0, -3.16480523500462368247e+02) (1, 4.07273988178584204434e+02) (2, -9.09421279393299528238e+02) (3, -4.23179391540283063478e+02) (4, 1.50000000000000000000e+03) (5, 9.25136707082591328799e+02) (6, 1.25200314821806387044e+02) (7, -5.09883276528342150868e+01) (0, -1.50000000000000000000e+03) (1, -1.50000000000000000000e+03) (2, -1.50000000000000000000e+03) (3, -1.50000000000000000000e+03) (4, -1.50000000000000000000e+03) (5, 1.50000000000000000000e+03) (6, -1.50000000000000000000e+03) (7, -2.15054742447341129541e-01) (0, 1.79377053258817909409e+02) (1, -1.06914354810578075217e+02) (2, -3.47510456205791982143e+01) (3, -5.73097622027795168265e+01) (4, -1.50000000000000000000e+03) (5, 1.50000000000000000000e+03) (6, 9.47996830352437456213e+01) (7, 5.62512819740540976454e+02) (0, -1.50000000000000000000e+03) (1, -1.50000000000000000000e+03) (2, -1.50000000000000000000e+03) (3, -1.50000000000000000000e+03) (4, -1.50000000000000000000e+03) (5, 1.50000000000000000000e+03) (6, -1.50000000000000000000e+03) (7, 2.89467495159397572024e+01) (0, -1.42907547652997232035e+03) (1, 6.06474703536764309320e+02) (2, -1.50000000000000000000e+03) (3, 1.82132591229118361298e+02) (4, 5.90220525130776081824e+02) (5, 3.94590246864145569816e+02) (6, 1.50000000000000000000e+03) (7, -1.98425563938640806327e+02) (0, 1.57801322874235303573e+01) (1, 7.25103026734189004543e+00) (2, -2.61467186874516919204e+01) (3, -3.64114461916311853429e+01) (4, 1.05122104446718594772e+02) (5, 2.11846074102362891267e-01) (6, -7.55182600221141520080e+00) (7, -1.75450358350069990365e+01) (0, -5.15960172353526900224e+02) (1, -5.04434720068572005403e+02) (2, 1.50000000000000000000e+03) (3, -9.02812631169694782329e+02) (4, -1.50000000000000000000e+03) (5, -1.50000000000000000000e+03) (6, -9.79680073980767588182e+02) (7, 5.47548437113086720274e+02) (8, -7.43884072333590884440e-01) (9, 1.50000000000000000000e+03) (10, 9.80303246707253772563e-01) (11, 1.50000000000000000000e+03) (12, -7.20563832054422759299e-01) (13, 1.41612922421833253850e+00) (14, 1.47779452993372739655e+00) (15, -9.82973110198692268114e-01) 
