FANN_FLO_2.1
num_layers=3
learning_rate=0.700000
connection_rate=1.000000
network_type=0
learning_momentum=0.000000
training_algorithm=2
train_error_function=1
train_stop_function=0
cascade_output_change_fraction=0.010000
quickprop_decay=-0.000100
quickprop_mu=1.750000
rprop_increase_factor=1.200000
rprop_decrease_factor=0.500000
rprop_delta_min=0.000000
rprop_delta_max=50.000000
rprop_delta_zero=0.100000
cascade_output_stagnation_epochs=12
cascade_candidate_change_fraction=0.010000
cascade_candidate_stagnation_epochs=12
cascade_max_out_epochs=150
cascade_max_cand_epochs=150
cascade_num_candidate_groups=2
bit_fail_limit=3.49999999999999977796e-01
cascade_candidate_limit=1.00000000000000000000e+03
cascade_weight_multiplier=4.00000000000000022204e-01
cascade_activation_functions_count=10
cascade_activation_functions=3 5 7 8 10 11 14 15 16 17 
cascade_activation_steepnesses_count=4
cascade_activation_steepnesses=2.50000000000000000000e-01 5.00000000000000000000e-01 7.50000000000000000000e-01 1.00000000000000000000e+00 
layer_sizes=8 8 2 
scale_included=0
neurons (num_inputs, activation_function, activation_steepness)=(0, 0, 0.00000000000000000000e+00) (0, 0, 0.00000000000000000000e+00) (0, 0, 0.00000000000000000000e+00) (0, 0, 0.00000000000000000000e+00) (0, 0, 0.00000000000000000000e+00) (0, 0, 0.00000000000000000000e+00) (0, 0, 0.00000000000000000000e+00) (0, 0, 0.00000000000000000000e+00) (8, 4, 5.00000000000000000000e-01) (8, 4, 5.00000000000000000000e-01) (8, 4, 5.00000000000000000000e-01) (8, 4, 5.00000000000000000000e-01) (8, 4, 5.00000000000000000000e-01) (8, 4, 5.00000000000000000000e-01) (8, 4, 5.00000000000000000000e-01) (0, 0, 0.00000000000000000000e+00) (8, 6, 5.00000000000000000000e-01) (0, 6, 0.00000000000000000000e+00) 
connections (connected_to_neuron, weight)=(0, 1.08444849940574977154e+03) (1, -3.01026799205792144676e+02) (2, 2.44289005977410170090e+02) (3, -6.14854797990163547183e+02) (4, -6.18430781541949841085e+02) (5, -1.37076362674439252487e+02) (6, 5.46764634010030817990e+02) (7, -5.68553138833252319273e+02) (0, -6.33663455922681237098e+02) (1, -3.66477920518006612838e+02) (2, -6.93044413579545675930e+02) (3, -8.96650790332901237889e+02) (4, -1.20813226232007309591e+03) (5, 1.23092710140506414973e+03) (6, -6.30907558761257405422e+02) (7, 1.28924445590127334071e+03) (0, -6.07683337679164765177e+02) (1, -1.12673991721839365709e+03) (2, -2.12085163075089212725e+02) (3, 2.47302149738201791251e+02) (4, -7.07208658676617716310e+01) (5, 1.50000000000000000000e+03) (6, 1.50000000000000000000e+03) (7, -7.13503172841016635175e+02) (0, -1.97275134591217408797e+02) (1, -4.85194990157446710555e+01) (2, -7.75109595301152921820e+02) (3, 9.51438915803679947203e+02) (4, -8.63178459564657941883e+02) (5, 4.97032132108216501365e+02) (6, -1.11006657344269319765e+03) (7, 1.46344745879562901791e+03) (0, -4.32717221522857983018e+02) (1, 1.11794081866872261344e+02) (2, 4.06951206401055500805e+01) (3, 3.11739167855873517965e+02) (4, 1.39555083187168435188e+02) (5, -2.08009760500627891133e+02) (6, -1.60666586121072782589e+02) (7, -4.74853624214549938642e+01) (0, -1.09930408387825264072e+03) (1, 6.92592335895511951094e+02) (2, -9.77977782483219925780e+02) (3, -3.40637021812341913574e+02) (4, 2.98244217890543779959e+02) (5, 3.98952339094945159559e+02) (6, -6.18762660549866154724e+02) (7, 7.19685804126617767906e+02) (0, -8.22297661278581131228e+01) (1, -1.12265087071895862891e+02) (2, 2.70647107249664827577e+02) (3, -2.12100126633137534782e+02) (4, -5.16231628767364213672e+02) (5, 1.59528145803119400625e+02) (6, 1.36917477776908668829e+02) (7, 2.51029935625352550232e+02) (8, -3.57090428246382873834e-01) (9, 2.85384501535535073380e-01) (10, -7.42492441582647377807e-01) (11, 3.24000134784166615720e-01) (12, -3.90611975354063611920e-01) (13, 5.09036718667466470123e-01) (14, 1.26111907557713354144e+00) (15, -1.06383748178829451447e+00) 
