FANN_FLO_2.1
num_layers=3
learning_rate=0.700000
connection_rate=1.000000
network_type=0
learning_momentum=0.000000
training_algorithm=2
train_error_function=1
train_stop_function=0
cascade_output_change_fraction=0.010000
quickprop_decay=-0.000100
quickprop_mu=1.750000
rprop_increase_factor=1.200000
rprop_decrease_factor=0.500000
rprop_delta_min=0.000000
rprop_delta_max=50.000000
rprop_delta_zero=0.100000
cascade_output_stagnation_epochs=12
cascade_candidate_change_fraction=0.010000
cascade_candidate_stagnation_epochs=12
cascade_max_out_epochs=150
cascade_max_cand_epochs=150
cascade_num_candidate_groups=2
bit_fail_limit=3.49999999999999977796e-01
cascade_candidate_limit=1.00000000000000000000e+03
cascade_weight_multiplier=4.00000000000000022204e-01
cascade_activation_functions_count=10
cascade_activation_functions=3 5 7 8 10 11 14 15 16 17 
cascade_activation_steepnesses_count=4
cascade_activation_steepnesses=2.50000000000000000000e-01 5.00000000000000000000e-01 7.50000000000000000000e-01 1.00000000000000000000e+00 
layer_sizes=8 8 2 
scale_included=0
neurons (num_inputs, activation_function, activation_steepness)=(0, 0, 0.00000000000000000000e+00) (0, 0, 0.00000000000000000000e+00) (0, 0, 0.00000000000000000000e+00) (0, 0, 0.00000000000000000000e+00) (0, 0, 0.00000000000000000000e+00) (0, 0, 0.00000000000000000000e+00) (0, 0, 0.00000000000000000000e+00) (0, 0, 0.00000000000000000000e+00) (8, 4, 5.00000000000000000000e-01) (8, 4, 5.00000000000000000000e-01) (8, 4, 5.00000000000000000000e-01) (8, 4, 5.00000000000000000000e-01) (8, 4, 5.00000000000000000000e-01) (8, 4, 5.00000000000000000000e-01) (8, 4, 5.00000000000000000000e-01) (0, 0, 0.00000000000000000000e+00) (8, 6, 5.00000000000000000000e-01) (0, 6, 0.00000000000000000000e+00) 
connections (connected_to_neuron, weight)=(0, 1.38753502466820054906e+03) (1, -1.27054974505713175859e+03) (2, 1.32605736298667625306e+03) (3, -1.69874898730570521366e+02) (4, -1.43729783721376043104e+03) (5, 8.59756189988235632882e+02) (6, -1.01560258966138201231e+03) (7, -2.68854197569531322642e+02) (0, 6.49139157983101199534e+02) (1, -1.33080652790745307357e+03) (2, -1.49529068013942128346e+03) (3, -8.04519993464493040847e+02) (4, -1.50000000000000000000e+03) (5, -1.50000000000000000000e+03) (6, 1.19309690004732397028e+03) (7, 7.41464202989602654270e+02) (0, -1.14016545234875188441e+01) (1, 4.04901213383109492838e+00) (2, -8.53274454232602330706e+00) (3, 4.93955996948476860897e-01) (4, 2.55711272030770118135e+01) (5, -1.40270870457832348421e+01) (6, 2.24551488554209699444e+00) (7, -1.12208902587486356595e+01) (0, 3.34665726537555663356e+00) (1, -5.04304999593755098886e+00) (2, 9.18216944211128094366e+00) (3, -9.62781358629212838385e-03) (4, 1.79729255576859681121e+00) (5, 2.17523345826257719082e+00) (6, -7.26547640087301527245e+00) (7, -1.59001082142861283053e+00) (0, -8.99030023699404097215e+01) (1, -8.95280178710467907877e+02) (2, -9.98705309100895306074e+02) (3, -7.50399125669965656016e+02) (4, -1.47359534397104562231e+03) (5, -1.50000000000000000000e+03) (6, 8.35580651841440271710e+01) (7, 1.29691719215898456241e+03) (0, -1.50000000000000000000e+03) (1, -1.50000000000000000000e+03) (2, -1.50000000000000000000e+03) (3, -1.50000000000000000000e+03) (4, -1.50000000000000000000e+03) (5, -1.50000000000000000000e+03) (6, -1.50000000000000000000e+03) (7, -1.37853254047203364507e+02) (0, -1.50000000000000000000e+03) (1, -1.50000000000000000000e+03) (2, -1.50000000000000000000e+03) (3, -1.50000000000000000000e+03) (4, -1.50000000000000000000e+03) (5, -1.50000000000000000000e+03) (6, -1.50000000000000000000e+03) (7, -1.37921770895156811321e+02) (8, -1.75582773182257989575e+00) (9, 6.67047984214384492851e-01) (10, -8.49829658271778676237e+00) (11, 1.19105183845350648397e+00) (12, 5.00338296689004424778e-01) (13, 1.50000000000000000000e+03) (14, 1.50000000000000000000e+03) (15, -5.30970858589647431991e-01) 
