FANN_FLO_2.1
num_layers=3
learning_rate=0.700000
connection_rate=1.000000
network_type=0
learning_momentum=0.000000
training_algorithm=2
train_error_function=1
train_stop_function=0
cascade_output_change_fraction=0.010000
quickprop_decay=-0.000100
quickprop_mu=1.750000
rprop_increase_factor=1.200000
rprop_decrease_factor=0.500000
rprop_delta_min=0.000000
rprop_delta_max=50.000000
rprop_delta_zero=0.100000
cascade_output_stagnation_epochs=12
cascade_candidate_change_fraction=0.010000
cascade_candidate_stagnation_epochs=12
cascade_max_out_epochs=150
cascade_max_cand_epochs=150
cascade_num_candidate_groups=2
bit_fail_limit=3.49999999999999977796e-01
cascade_candidate_limit=1.00000000000000000000e+03
cascade_weight_multiplier=4.00000000000000022204e-01
cascade_activation_functions_count=10
cascade_activation_functions=3 5 7 8 10 11 14 15 16 17 
cascade_activation_steepnesses_count=4
cascade_activation_steepnesses=2.50000000000000000000e-01 5.00000000000000000000e-01 7.50000000000000000000e-01 1.00000000000000000000e+00 
layer_sizes=8 8 2 
scale_included=0
neurons (num_inputs, activation_function, activation_steepness)=(0, 0, 0.00000000000000000000e+00) (0, 0, 0.00000000000000000000e+00) (0, 0, 0.00000000000000000000e+00) (0, 0, 0.00000000000000000000e+00) (0, 0, 0.00000000000000000000e+00) (0, 0, 0.00000000000000000000e+00) (0, 0, 0.00000000000000000000e+00) (0, 0, 0.00000000000000000000e+00) (8, 4, 5.00000000000000000000e-01) (8, 4, 5.00000000000000000000e-01) (8, 4, 5.00000000000000000000e-01) (8, 4, 5.00000000000000000000e-01) (8, 4, 5.00000000000000000000e-01) (8, 4, 5.00000000000000000000e-01) (8, 4, 5.00000000000000000000e-01) (0, 0, 0.00000000000000000000e+00) (8, 6, 5.00000000000000000000e-01) (0, 6, 0.00000000000000000000e+00) 
connections (connected_to_neuron, weight)=(0, 4.00583319848611623115e+01) (1, -2.20183737935977092093e+02) (2, 1.79148595184987101447e+02) (3, 1.14166902662311358085e+02) (4, 1.09858058430541859707e+03) (5, 5.94758853181241192942e+02) (6, 2.38117873434877092009e+00) (7, -1.40634001405808453455e+03) (0, -1.30071123386163776559e+02) (1, 1.20071761608339812710e+02) (2, 2.76134501692205702739e+01) (3, -2.66801671290875844988e+02) (4, -3.58096068442613045590e+02) (5, 2.58338713593248030520e+02) (6, 1.57784767226865653811e+02) (7, 1.01160722979732611293e+02) (0, 6.82753973068139607960e+00) (1, -7.74638345228007008103e+00) (2, 6.02158912545395552662e-01) (3, -8.35207948825347656907e+00) (4, 1.40570628268875026379e+01) (5, -6.17970903793277237526e+00) (6, -2.02390293082089911536e+00) (7, -1.27023486062735768698e+00) (0, 2.15041262474014416739e+02) (1, 7.62946117650503765617e+01) (2, -2.33594610233647415498e+02) (3, -6.29383815660910954648e+01) (4, -1.45575269386012593031e+02) (5, 1.38362750199136399942e+02) (6, -5.35868032533810918494e+01) (7, -1.33517896425113917758e+01) (0, 9.25808200805644219145e+01) (1, -1.30203899555255497944e+03) (2, -1.50000000000000000000e+03) (3, 1.50000000000000000000e+03) (4, 1.61130300954197366536e+02) (5, 1.50000000000000000000e+03) (6, -1.50000000000000000000e+03) (7, -1.25400710499107185569e+03) (0, 4.59572832645105293636e+01) (1, -6.04103988426212907825e+01) (2, 2.99283521288056419962e+02) (3, -8.94696929705843615466e+01) (4, 7.26518490776589800362e+01) (5, -1.91446097038019530601e+02) (6, -3.47916369123050017720e+01) (7, -2.60698611195466725121e+01) (0, -4.24959946965885237979e-01) (1, -7.43235807671168657862e+00) (2, 5.36002388632959814174e+00) (3, 1.67896933997614894452e+01) (4, 6.32487898928534963972e+00) (5, -8.46570995153970606850e+00) (6, -8.61627279868072371016e+00) (7, 1.23315953513531706420e+00) (8, 1.03233016409429989579e+00) (9, 2.08630063777420948767e+00) (10, 2.71235126656738367856e+00) (11, 2.51794102179451106949e+00) (12, 1.11625851331060887972e+00) (13, 1.39011258819661498443e+00) (14, 3.65051397520215070713e+00) (15, -5.16286166527698675566e+00) 
