FANN_FLO_2.1
num_layers=3
learning_rate=0.700000
connection_rate=1.000000
network_type=0
learning_momentum=0.000000
training_algorithm=2
train_error_function=1
train_stop_function=0
cascade_output_change_fraction=0.010000
quickprop_decay=-0.000100
quickprop_mu=1.750000
rprop_increase_factor=1.200000
rprop_decrease_factor=0.500000
rprop_delta_min=0.000000
rprop_delta_max=50.000000
rprop_delta_zero=0.100000
cascade_output_stagnation_epochs=12
cascade_candidate_change_fraction=0.010000
cascade_candidate_stagnation_epochs=12
cascade_max_out_epochs=150
cascade_max_cand_epochs=150
cascade_num_candidate_groups=2
bit_fail_limit=3.49999999999999977796e-01
cascade_candidate_limit=1.00000000000000000000e+03
cascade_weight_multiplier=4.00000000000000022204e-01
cascade_activation_functions_count=10
cascade_activation_functions=3 5 7 8 10 11 14 15 16 17 
cascade_activation_steepnesses_count=4
cascade_activation_steepnesses=2.50000000000000000000e-01 5.00000000000000000000e-01 7.50000000000000000000e-01 1.00000000000000000000e+00 
layer_sizes=8 6 2 
scale_included=0
neurons (num_inputs, activation_function, activation_steepness)=(0, 0, 0.00000000000000000000e+00) (0, 0, 0.00000000000000000000e+00) (0, 0, 0.00000000000000000000e+00) (0, 0, 0.00000000000000000000e+00) (0, 0, 0.00000000000000000000e+00) (0, 0, 0.00000000000000000000e+00) (0, 0, 0.00000000000000000000e+00) (0, 0, 0.00000000000000000000e+00) (8, 4, 5.00000000000000000000e-01) (8, 4, 5.00000000000000000000e-01) (8, 4, 5.00000000000000000000e-01) (8, 4, 5.00000000000000000000e-01) (8, 4, 5.00000000000000000000e-01) (0, 0, 0.00000000000000000000e+00) (6, 6, 5.00000000000000000000e-01) (0, 6, 0.00000000000000000000e+00) 
connections (connected_to_neuron, weight)=(0, 3.44437149587505064829e+00) (1, -5.88518711513452874584e+00) (2, -6.33847001035641177680e+00) (3, 3.05813508183459381584e+00) (4, 5.27728419859305741824e+00) (5, -3.04966721882915237085e-01) (6, -8.69174100115740877470e+00) (7, -3.14895971434738175532e+00) (0, 1.06391900069059374800e+02) (1, -3.09666848629528374204e+02) (2, -2.16169440178450372514e+02) (3, -8.28783824208735495631e+01) (4, 4.14785672211855427349e+01) (5, 1.31756928950871184725e+02) (6, 2.03016442857152057400e+01) (7, 2.86743695450399854963e+02) (0, 1.30152380709629312605e+02) (1, 5.59052594666273492408e+01) (2, 5.57596661259025623281e+01) (3, 3.13528633582690687831e+01) (4, -1.77354925029891496990e+01) (5, -5.27262000240123498429e+01) (6, -1.48408038023432965247e+02) (7, -6.02312713531134349410e+01) (0, 5.08066230342510607443e+01) (1, 8.00066043422843975463e+00) (2, -4.08638674388204137244e+01) (3, 4.96723631612436307137e+01) (4, 2.06832232648367719818e+00) (5, 4.76532106436790581228e+00) (6, 6.56401892567341320728e+01) (7, -1.29183626897155590996e+02) (0, -1.99177622961741775498e+02) (1, -7.80696758511932671354e+02) (2, -4.09393631491374833331e+02) (3, -1.09865591533355927822e+03) (4, -1.50000000000000000000e+03) (5, 4.76164240105586941354e+02) (6, 5.46787344013109986918e+02) (7, 1.09964351680659478916e+03) (8, 4.55624387767094862767e+00) (9, 2.48967557950360651731e+00) (10, 2.59935248874236846106e+00) (11, -4.02157698750702596868e+00) (12, 3.65707299767187465900e-01) (13, -2.62272098305734635559e+00) 
