FANN_FLO_2.1
num_layers=3
learning_rate=0.700000
connection_rate=1.000000
network_type=0
learning_momentum=0.000000
training_algorithm=2
train_error_function=1
train_stop_function=0
cascade_output_change_fraction=0.010000
quickprop_decay=-0.000100
quickprop_mu=1.750000
rprop_increase_factor=1.200000
rprop_decrease_factor=0.500000
rprop_delta_min=0.000000
rprop_delta_max=50.000000
rprop_delta_zero=0.100000
cascade_output_stagnation_epochs=12
cascade_candidate_change_fraction=0.010000
cascade_candidate_stagnation_epochs=12
cascade_max_out_epochs=150
cascade_max_cand_epochs=150
cascade_num_candidate_groups=2
bit_fail_limit=3.49999999999999977796e-01
cascade_candidate_limit=1.00000000000000000000e+03
cascade_weight_multiplier=4.00000000000000022204e-01
cascade_activation_functions_count=10
cascade_activation_functions=3 5 7 8 10 11 14 15 16 17 
cascade_activation_steepnesses_count=4
cascade_activation_steepnesses=2.50000000000000000000e-01 5.00000000000000000000e-01 7.50000000000000000000e-01 1.00000000000000000000e+00 
layer_sizes=8 8 2 
scale_included=0
neurons (num_inputs, activation_function, activation_steepness)=(0, 0, 0.00000000000000000000e+00) (0, 0, 0.00000000000000000000e+00) (0, 0, 0.00000000000000000000e+00) (0, 0, 0.00000000000000000000e+00) (0, 0, 0.00000000000000000000e+00) (0, 0, 0.00000000000000000000e+00) (0, 0, 0.00000000000000000000e+00) (0, 0, 0.00000000000000000000e+00) (8, 4, 5.00000000000000000000e-01) (8, 4, 5.00000000000000000000e-01) (8, 4, 5.00000000000000000000e-01) (8, 4, 5.00000000000000000000e-01) (8, 4, 5.00000000000000000000e-01) (8, 4, 5.00000000000000000000e-01) (8, 4, 5.00000000000000000000e-01) (0, 0, 0.00000000000000000000e+00) (8, 6, 5.00000000000000000000e-01) (0, 6, 0.00000000000000000000e+00) 
connections (connected_to_neuron, weight)=(0, -1.67024669410319290819e+01) (1, -7.19484643709438387305e+01) (2, 2.13187508204116866750e+01) (3, 6.20590091241696950597e-01) (4, -5.25067838268405679969e+01) (5, 2.24295261344781948765e+01) (6, 3.99529394309967429422e+01) (7, 1.15805136514769078104e+01) (0, 7.05359095953911889865e+01) (1, -8.36335085729389788867e+02) (2, 1.47059876104626800952e+03) (3, -1.03298147818658617325e+03) (4, 1.50000000000000000000e+03) (5, -1.50000000000000000000e+03) (6, 6.44460054130621529112e+01) (7, -6.99268264666211280201e+02) (0, -5.78608991920028529421e+02) (1, -5.41083844584861367366e+02) (2, -1.47992785559291110076e+03) (3, 3.05806000521633336575e+02) (4, -1.24783498484836968601e+02) (5, -4.21136843237489699732e+02) (6, -1.63119516304208843849e+02) (7, 5.63138347408517006443e+02) (0, 3.53763689537735274371e+02) (1, 9.47460331257521261250e+02) (2, 1.50000000000000000000e+03) (3, 5.20152737454039826304e+00) (4, -4.47977222953668388072e+02) (5, -1.50000000000000000000e+03) (6, -1.09642837387552674500e+02) (7, -1.49213727881647946560e+03) (0, 2.55249429749753815599e+01) (1, 4.47585826717499024596e+00) (2, 5.50825645292177412671e+00) (3, 9.78992975702995948950e+00) (4, -5.35040270355735287922e+01) (5, 6.52343768683466151970e+00) (6, -1.37650220271967551611e+01) (7, -5.24763721005392191898e+00) (0, 2.06461365494607029802e+01) (1, -9.34414679355026756014e+00) (2, 7.59914869649579003408e+01) (3, -7.09078077739760175291e+01) (4, -3.62937067117507083935e+01) (5, -1.99643959728115838459e+01) (6, -2.03888856061295697941e+01) (7, 1.09564439569670817320e+01) (0, -5.91176451865586614076e+02) (1, 1.37734178774416278657e+02) (2, -6.69638341583192982398e+02) (3, 1.50000000000000000000e+03) (4, -4.68258616718670793944e+02) (5, 2.19364435719591881480e+01) (6, 3.96386159898027667925e-01) (7, -2.46392749183482919761e+02) (8, -1.53564010190534983025e+00) (9, -1.41381807793706837373e+00) (10, 1.73033421751938409905e+00) (11, -5.42165229351654565093e-01) (12, -2.46491777211697593586e+00) (13, 2.03193635733325494996e+00) (14, 1.47517154580558007559e+00) (15, 5.78071950641564774598e-02) 
