FANN_FLO_2.1
num_layers=3
learning_rate=0.700000
connection_rate=1.000000
network_type=0
learning_momentum=0.000000
training_algorithm=2
train_error_function=1
train_stop_function=0
cascade_output_change_fraction=0.010000
quickprop_decay=-0.000100
quickprop_mu=1.750000
rprop_increase_factor=1.200000
rprop_decrease_factor=0.500000
rprop_delta_min=0.000000
rprop_delta_max=50.000000
rprop_delta_zero=0.100000
cascade_output_stagnation_epochs=12
cascade_candidate_change_fraction=0.010000
cascade_candidate_stagnation_epochs=12
cascade_max_out_epochs=150
cascade_max_cand_epochs=150
cascade_num_candidate_groups=2
bit_fail_limit=3.49999999999999977796e-01
cascade_candidate_limit=1.00000000000000000000e+03
cascade_weight_multiplier=4.00000000000000022204e-01
cascade_activation_functions_count=10
cascade_activation_functions=3 5 7 8 10 11 14 15 16 17 
cascade_activation_steepnesses_count=4
cascade_activation_steepnesses=2.50000000000000000000e-01 5.00000000000000000000e-01 7.50000000000000000000e-01 1.00000000000000000000e+00 
layer_sizes=8 8 2 
scale_included=0
neurons (num_inputs, activation_function, activation_steepness)=(0, 0, 0.00000000000000000000e+00) (0, 0, 0.00000000000000000000e+00) (0, 0, 0.00000000000000000000e+00) (0, 0, 0.00000000000000000000e+00) (0, 0, 0.00000000000000000000e+00) (0, 0, 0.00000000000000000000e+00) (0, 0, 0.00000000000000000000e+00) (0, 0, 0.00000000000000000000e+00) (8, 4, 5.00000000000000000000e-01) (8, 4, 5.00000000000000000000e-01) (8, 4, 5.00000000000000000000e-01) (8, 4, 5.00000000000000000000e-01) (8, 4, 5.00000000000000000000e-01) (8, 4, 5.00000000000000000000e-01) (8, 4, 5.00000000000000000000e-01) (0, 0, 0.00000000000000000000e+00) (8, 6, 5.00000000000000000000e-01) (0, 6, 0.00000000000000000000e+00) 
connections (connected_to_neuron, weight)=(0, 3.52051445872358093059e-02) (1, -2.59351513487868154395e-02) (2, 9.33739338945438340778e-02) (3, -4.21706160295101314950e-02) (4, -6.84035891615389080034e-02) (5, 6.37358809074145549189e-04) (6, 2.53184730234514571157e-02) (7, 7.60894925495906315760e-02) (0, -8.18809229974586105794e-02) (1, -8.29002948723777111084e-02) (2, -3.64840709452937603241e-02) (3, 1.73668563159831770837e-02) (4, -2.06188110913159070026e-02) (5, -6.76160396839088073673e-02) (6, 9.04829563086175236997e-02) (7, -1.48012774408053937591e-02) (0, -5.32933631471300475746e-02) (1, -5.12715752426024448662e-02) (2, -3.04464063487411423781e-02) (3, 8.20558175564679026515e-02) (4, 2.36017318234105627495e-02) (5, 1.44230124827178160518e-02) (6, 8.50066523627437814481e-02) (7, 5.12333092463509512382e-02) (0, 5.51920908345593513866e-02) (1, 3.52948203354302020296e-02) (2, 7.51993701822961657655e-02) (3, -1.72327829298791687651e-02) (4, -6.52807285492230660040e-02) (5, 6.87919874681828386054e-03) (6, 8.93060467475063346487e-02) (7, 6.99244175281288626866e-02) (0, 8.09440488881475878058e-02) (1, 8.26799792450663151300e-02) (2, -7.22461998983651154660e-02) (3, -8.74595416703751737941e-02) (4, -1.66826634359756587056e-02) (5, 5.30722746152024540955e-02) (6, 8.86299523693315771666e-02) (7, 1.43641505668185703870e-03) (0, 7.01719812329408554330e-02) (1, -4.78541199729460367540e-02) (2, -8.11967300243188194742e-02) (3, -5.04468313484911709543e-02) (4, -1.54701581667387177976e-02) (5, -9.07137752058174290370e-02) (6, 3.47518927008195546713e-02) (7, 3.12364802693796128619e-02) (0, -4.19853489583037545185e-02) (1, -9.56945151380377001527e-02) (2, 1.32922963357313891897e-02) (3, 8.16163843552229206768e-02) (4, 1.87284989279284871944e-02) (5, -1.70105279164094874700e-03) (6, 3.28496921114577594691e-02) (7, -2.60794117276282808038e-02) (8, -6.64062339463268591633e-02) (9, 8.04906080363781278875e-03) (10, 5.66878068326086698159e-02) (11, -3.16869609123015469332e-02) (12, -8.50717418465277708250e-02) (13, 4.59938521831311508681e-02) (14, -6.17625448742887966924e-02) (15, 9.58723085317359502433e-02) 
