FANN_FLO_2.1
num_layers=3
learning_rate=0.700000
connection_rate=1.000000
network_type=0
learning_momentum=0.000000
training_algorithm=2
train_error_function=1
train_stop_function=0
cascade_output_change_fraction=0.010000
quickprop_decay=-0.000100
quickprop_mu=1.750000
rprop_increase_factor=1.200000
rprop_decrease_factor=0.500000
rprop_delta_min=0.000000
rprop_delta_max=50.000000
rprop_delta_zero=0.100000
cascade_output_stagnation_epochs=12
cascade_candidate_change_fraction=0.010000
cascade_candidate_stagnation_epochs=12
cascade_max_out_epochs=150
cascade_max_cand_epochs=150
cascade_num_candidate_groups=2
bit_fail_limit=3.49999999999999977796e-01
cascade_candidate_limit=1.00000000000000000000e+03
cascade_weight_multiplier=4.00000000000000022204e-01
cascade_activation_functions_count=10
cascade_activation_functions=3 5 7 8 10 11 14 15 16 17 
cascade_activation_steepnesses_count=4
cascade_activation_steepnesses=2.50000000000000000000e-01 5.00000000000000000000e-01 7.50000000000000000000e-01 1.00000000000000000000e+00 
layer_sizes=8 6 3 
scale_included=0
neurons (num_inputs, activation_function, activation_steepness)=(0, 0, 0.00000000000000000000e+00) (0, 0, 0.00000000000000000000e+00) (0, 0, 0.00000000000000000000e+00) (0, 0, 0.00000000000000000000e+00) (0, 0, 0.00000000000000000000e+00) (0, 0, 0.00000000000000000000e+00) (0, 0, 0.00000000000000000000e+00) (0, 0, 0.00000000000000000000e+00) (8, 4, 5.00000000000000000000e-01) (8, 4, 5.00000000000000000000e-01) (8, 4, 5.00000000000000000000e-01) (8, 4, 5.00000000000000000000e-01) (8, 4, 5.00000000000000000000e-01) (0, 0, 0.00000000000000000000e+00) (6, 6, 5.00000000000000000000e-01) (6, 6, 5.00000000000000000000e-01) (0, 6, 0.00000000000000000000e+00) 
connections (connected_to_neuron, weight)=(0, 2.75854489220000581584e-02) (1, 3.01153383979996733255e-02) (2, 1.23903671263212999953e-02) (3, 7.87005510732613489111e-02) (4, -7.25210905637009295432e-02) (5, 7.97371255008447743506e-02) (6, -1.73216279383246254953e-02) (7, -7.36121895516244906243e-02) (0, 9.49190956714614370027e-02) (1, 4.73255512837402608772e-03) (2, 2.25603714221771223247e-03) (3, 4.60173601622486036500e-02) (4, -2.67996874906076057443e-02) (5, 8.00139658900196060198e-02) (6, 1.74084853181017198964e-02) (7, -6.73381769819285935785e-02) (0, 4.39485150418954251261e-03) (1, -2.83130948925479422607e-02) (2, 8.40015924014388126739e-02) (3, 6.15758644279221223350e-02) (4, 6.32759159546481819714e-02) (5, 6.49917176364618043305e-02) (6, -3.07765577849232752072e-02) (7, 4.96189740429665640531e-02) (0, 9.12113861733881425842e-02) (1, 6.35451078570650057520e-02) (2, -7.22754875723345124872e-02) (3, -1.31602040590376237472e-02) (4, -7.43734660465041608202e-02) (5, -9.78191756318386451685e-02) (6, -7.35905738337423315221e-02) (7, 5.32119844587442825112e-02) (0, 3.22961642562771406029e-02) (1, 3.87997948758273467074e-02) (2, 3.19125340418895120376e-02) (3, 5.97750752758245823548e-02) (4, 1.85369188865560086121e-02) (5, -8.54090952934189739931e-02) (6, 8.61628872143162249930e-02) (7, 1.34560130679013262300e-02) (8, 1.93234613250711714794e-02) (9, -1.15810771335821890982e-02) (10, -4.05266282599661895047e-02) (11, 9.25237753245796851198e-02) (12, -3.15671126405464436138e-02) (13, 7.68818585482516497764e-02) (8, -7.48144031474650139657e-02) (9, 7.28277403537592182836e-02) (10, -5.14312378344124118690e-02) (11, -9.08128121430100687661e-02) (12, 3.44036033846974800832e-02) (13, -8.81553232767480904331e-02) 
