FANN_FLO_2.1
num_layers=3
learning_rate=0.700000
connection_rate=1.000000
network_type=0
learning_momentum=0.000000
training_algorithm=2
train_error_function=1
train_stop_function=0
cascade_output_change_fraction=0.010000
quickprop_decay=-0.000100
quickprop_mu=1.750000
rprop_increase_factor=1.200000
rprop_decrease_factor=0.500000
rprop_delta_min=0.000000
rprop_delta_max=50.000000
rprop_delta_zero=0.100000
cascade_output_stagnation_epochs=12
cascade_candidate_change_fraction=0.010000
cascade_candidate_stagnation_epochs=12
cascade_max_out_epochs=150
cascade_max_cand_epochs=150
cascade_num_candidate_groups=2
bit_fail_limit=3.49999999999999977796e-01
cascade_candidate_limit=1.00000000000000000000e+03
cascade_weight_multiplier=4.00000000000000022204e-01
cascade_activation_functions_count=10
cascade_activation_functions=3 5 7 8 10 11 14 15 16 17 
cascade_activation_steepnesses_count=4
cascade_activation_steepnesses=2.50000000000000000000e-01 5.00000000000000000000e-01 7.50000000000000000000e-01 1.00000000000000000000e+00 
layer_sizes=8 8 2 
scale_included=0
neurons (num_inputs, activation_function, activation_steepness)=(0, 0, 0.00000000000000000000e+00) (0, 0, 0.00000000000000000000e+00) (0, 0, 0.00000000000000000000e+00) (0, 0, 0.00000000000000000000e+00) (0, 0, 0.00000000000000000000e+00) (0, 0, 0.00000000000000000000e+00) (0, 0, 0.00000000000000000000e+00) (0, 0, 0.00000000000000000000e+00) (8, 4, 5.00000000000000000000e-01) (8, 4, 5.00000000000000000000e-01) (8, 4, 5.00000000000000000000e-01) (8, 4, 5.00000000000000000000e-01) (8, 4, 5.00000000000000000000e-01) (8, 4, 5.00000000000000000000e-01) (8, 4, 5.00000000000000000000e-01) (0, 0, 0.00000000000000000000e+00) (8, 6, 5.00000000000000000000e-01) (0, 6, 0.00000000000000000000e+00) 
connections (connected_to_neuron, weight)=(0, 8.46958315012997786653e+01) (1, -3.56105655643313241399e+01) (2, 1.89764721739556904367e+02) (3, -2.50774374006192260822e+02) (4, 1.74932233886473255779e+02) (5, -2.96504689446047571266e+01) (6, -9.20737671728506711588e+02) (7, 7.67900391330005845703e+02) (0, 3.88035405854155158067e+02) (1, 3.17652847155144506530e+01) (2, 9.78331974831314369112e+02) (3, -1.13082879629142183830e+02) (4, -3.74278560667396391182e+02) (5, -1.50000000000000000000e+03) (6, -5.96898619224810431660e+02) (7, 1.63557428216777481111e+02) (0, 1.99991625917065651841e+00) (1, 2.06827832440909205047e+01) (2, -3.55590664403032050700e+01) (3, 7.22183762589348177130e+00) (4, -4.12256266497698309337e+00) (5, 6.20325394610738811707e+01) (6, -7.92169480572880768676e+00) (7, -1.95062066069415851466e+00) (0, -6.12083716868633143093e+00) (1, 4.66564357271666985127e+00) (2, 7.57934002117013871924e+00) (3, -1.75802182199411092256e+01) (4, -1.98920946903297091168e+00) (5, 1.85243043015344532876e+00) (6, 1.49197855195243733739e+00) (7, 6.90812531133657037330e-01) (0, -3.49736284353120367996e+01) (1, -1.08610985142716117480e+02) (2, 6.09389990770511502660e+01) (3, 5.04786495236134058473e+01) (4, -1.92116027229054573411e+01) (5, 3.82861072930016774762e+01) (6, 2.90014232761303354380e+01) (7, -3.70928702665044554010e+01) (0, -5.80532080372146538139e+02) (1, -8.97292272304234984404e+02) (2, -1.31790023557621816508e+03) (3, 1.50000000000000000000e+03) (4, 1.50000000000000000000e+03) (5, 1.50000000000000000000e+03) (6, 1.08535753592961123104e+03) (7, 2.66591418621979642012e+02) (0, 1.04451133734942072806e+03) (1, -1.50000000000000000000e+03) (2, 2.19500052068196083610e+02) (3, 4.24257704587092632664e+02) (4, -9.56524303197169729174e+02) (5, 9.75876185911374477655e+02) (6, -1.64542446732717252189e+02) (7, 4.25125421521360294719e+02) (8, 9.44239464522448446182e-01) (9, 3.32808071410473704788e+00) (10, 3.45137954055312690116e+00) (11, 9.31353403999201745478e+00) (12, 9.74351137075132323062e-01) (13, -6.66275228128220708967e-01) (14, -1.35656320113443684683e+00) (15, -2.76485133943994032535e+00) 
