FANN_FLO_2.1
num_layers=3
learning_rate=0.700000
connection_rate=1.000000
network_type=0
learning_momentum=0.000000
training_algorithm=2
train_error_function=1
train_stop_function=0
cascade_output_change_fraction=0.010000
quickprop_decay=-0.000100
quickprop_mu=1.750000
rprop_increase_factor=1.200000
rprop_decrease_factor=0.500000
rprop_delta_min=0.000000
rprop_delta_max=50.000000
rprop_delta_zero=0.100000
cascade_output_stagnation_epochs=12
cascade_candidate_change_fraction=0.010000
cascade_candidate_stagnation_epochs=12
cascade_max_out_epochs=150
cascade_max_cand_epochs=150
cascade_num_candidate_groups=2
bit_fail_limit=3.49999999999999977796e-01
cascade_candidate_limit=1.00000000000000000000e+03
cascade_weight_multiplier=4.00000000000000022204e-01
cascade_activation_functions_count=10
cascade_activation_functions=3 5 7 8 10 11 14 15 16 17 
cascade_activation_steepnesses_count=4
cascade_activation_steepnesses=2.50000000000000000000e-01 5.00000000000000000000e-01 7.50000000000000000000e-01 1.00000000000000000000e+00 
layer_sizes=8 8 2 
scale_included=0
neurons (num_inputs, activation_function, activation_steepness)=(0, 0, 0.00000000000000000000e+00) (0, 0, 0.00000000000000000000e+00) (0, 0, 0.00000000000000000000e+00) (0, 0, 0.00000000000000000000e+00) (0, 0, 0.00000000000000000000e+00) (0, 0, 0.00000000000000000000e+00) (0, 0, 0.00000000000000000000e+00) (0, 0, 0.00000000000000000000e+00) (8, 4, 5.00000000000000000000e-01) (8, 4, 5.00000000000000000000e-01) (8, 4, 5.00000000000000000000e-01) (8, 4, 5.00000000000000000000e-01) (8, 4, 5.00000000000000000000e-01) (8, 4, 5.00000000000000000000e-01) (8, 4, 5.00000000000000000000e-01) (0, 0, 0.00000000000000000000e+00) (8, 6, 5.00000000000000000000e-01) (0, 6, 0.00000000000000000000e+00) 
connections (connected_to_neuron, weight)=(0, 1.50000000000000000000e+03) (1, -1.34757054607920370159e+01) (2, -8.10169748793357030081e+02) (3, -3.15528982071941072718e+02) (4, 6.57969791541555082404e+01) (5, 1.87077684389181712277e+02) (6, -9.68105176336394038117e+02) (7, -1.10614503639928855705e+02) (0, -1.52015988875040903849e+02) (1, -2.42587420248315623894e+02) (2, 3.94431720317309839174e+02) (3, -1.37551075976206220730e+02) (4, -5.86527310599955242765e+00) (5, 1.81903071106674829593e+01) (6, 5.92090095601672032899e+01) (7, -2.70643778712013478582e+01) (0, -1.50000000000000000000e+03) (1, -1.50000000000000000000e+03) (2, -1.50000000000000000000e+03) (3, -1.50000000000000000000e+03) (4, -1.50000000000000000000e+03) (5, 1.50000000000000000000e+03) (6, -1.50000000000000000000e+03) (7, -2.71144981616645054601e+02) (0, -1.15483857713074826279e+02) (1, 8.09598666998327161082e+01) (2, 7.28987633338001273842e+02) (3, -1.81486986119130136785e+02) (4, -4.73539395612456530671e+02) (5, -1.50000000000000000000e+03) (6, 7.37419016717258386961e+02) (7, -9.58061833335928326960e+02) (0, 6.02862078732002615311e+00) (1, 8.75037733041200915807e+00) (2, -9.27205406243332419525e-02) (3, -9.70313178343463000886e+00) (4, -9.05396430938720442327e+00) (5, -3.35535497206600163977e+00) (6, -1.32379214210770790316e+00) (7, 2.58162495213700660113e-01) (0, -1.50000000000000000000e+03) (1, -1.50000000000000000000e+03) (2, -1.50000000000000000000e+03) (3, -1.50000000000000000000e+03) (4, -1.50000000000000000000e+03) (5, 1.50000000000000000000e+03) (6, -1.50000000000000000000e+03) (7, -1.06223648317445594103e+02) (0, 2.94712468977427644035e+00) (1, 1.17661981228846030945e+01) (2, -1.03880905370278187050e+00) (3, -1.02078560823406103708e+01) (4, -8.88314857064340301918e+00) (5, -3.41850670347517082703e+00) (6, -8.12496252339471203285e-01) (7, 9.13623008431647787297e-01) (8, 2.61329779648408866422e+00) (9, 1.15153743878030856429e+00) (10, 1.50000000000000000000e+03) (11, -2.46426230773354282277e+00) (12, -1.62587222766558774367e+01) (13, 1.50000000000000000000e+03) (14, 1.64632485936477408472e+01) (15, -3.34137782659082893666e-01) 
