FANN_FLO_2.1
num_layers=3
learning_rate=0.700000
connection_rate=1.000000
network_type=0
learning_momentum=0.000000
training_algorithm=2
train_error_function=1
train_stop_function=0
cascade_output_change_fraction=0.010000
quickprop_decay=-0.000100
quickprop_mu=1.750000
rprop_increase_factor=1.200000
rprop_decrease_factor=0.500000
rprop_delta_min=0.000000
rprop_delta_max=50.000000
rprop_delta_zero=0.100000
cascade_output_stagnation_epochs=12
cascade_candidate_change_fraction=0.010000
cascade_candidate_stagnation_epochs=12
cascade_max_out_epochs=150
cascade_max_cand_epochs=150
cascade_num_candidate_groups=2
bit_fail_limit=3.49999999999999977796e-01
cascade_candidate_limit=1.00000000000000000000e+03
cascade_weight_multiplier=4.00000000000000022204e-01
cascade_activation_functions_count=10
cascade_activation_functions=3 5 7 8 10 11 14 15 16 17 
cascade_activation_steepnesses_count=4
cascade_activation_steepnesses=2.50000000000000000000e-01 5.00000000000000000000e-01 7.50000000000000000000e-01 1.00000000000000000000e+00 
layer_sizes=8 8 2 
scale_included=0
neurons (num_inputs, activation_function, activation_steepness)=(0, 0, 0.00000000000000000000e+00) (0, 0, 0.00000000000000000000e+00) (0, 0, 0.00000000000000000000e+00) (0, 0, 0.00000000000000000000e+00) (0, 0, 0.00000000000000000000e+00) (0, 0, 0.00000000000000000000e+00) (0, 0, 0.00000000000000000000e+00) (0, 0, 0.00000000000000000000e+00) (8, 4, 5.00000000000000000000e-01) (8, 4, 5.00000000000000000000e-01) (8, 4, 5.00000000000000000000e-01) (8, 4, 5.00000000000000000000e-01) (8, 4, 5.00000000000000000000e-01) (8, 4, 5.00000000000000000000e-01) (8, 4, 5.00000000000000000000e-01) (0, 0, 0.00000000000000000000e+00) (8, 6, 5.00000000000000000000e-01) (0, 6, 0.00000000000000000000e+00) 
connections (connected_to_neuron, weight)=(0, 1.37271342070906250399e+01) (1, -4.84006259667403870850e+00) (2, -4.16572787734532141712e+01) (3, 5.74966863580447977711e+01) (4, -8.40693651920382905018e+01) (5, 7.35835469666584440773e+00) (6, 8.52994237478589312218e+00) (7, -7.87852492936314341421e+00) (0, -1.06701193661128471035e+02) (1, -1.50000000000000000000e+03) (2, 3.93241410166349282918e+02) (3, 1.50000000000000000000e+03) (4, -9.01322445149012992260e+02) (5, -7.28506795946076294967e+02) (6, 2.38266121419836821360e+02) (7, 1.50000000000000000000e+03) (0, 1.86464325797265537688e+01) (1, -3.29330982944877135310e+01) (2, -3.27009401619793615978e+00) (3, -2.82552020497173783653e+00) (4, 9.50853374124770667208e+00) (5, 1.39546312671597583233e+01) (6, -1.95990032836380549952e+01) (7, 1.22014757025545979019e+01) (0, -1.48653524058621343329e+02) (1, -3.49584171309607768308e+02) (2, 3.14979858518900584841e+02) (3, -3.06899810412423846628e+02) (4, 1.44667308040736315888e+02) (5, -5.51007004753018350129e+01) (6, 1.97130171303955847861e+02) (7, 2.16565592239351161652e+02) (0, -3.06682453810638207869e+02) (1, 5.93756683583610538335e+02) (2, 4.03692488303939740035e+02) (3, -1.87705476398166233309e+01) (4, -8.17011931086872209562e+01) (5, -2.81150887927190012761e+02) (6, 1.02321154382046657361e+02) (7, -2.68054353424766134140e+02) (0, 9.77284364347923855121e+01) (1, 1.46135646076132479720e+03) (2, -1.38811472090693087011e+03) (3, -1.50000000000000000000e+03) (4, 5.50957552403644285732e+02) (5, 1.50000000000000000000e+03) (6, 1.49010322801041252205e+03) (7, -1.48202048347937125072e+03) (0, 7.21008955216605755822e+01) (1, -1.39763449975372111567e+02) (2, 3.55552991371085198580e+01) (3, 5.35186097383466474753e+01) (4, -5.31537329043272137596e+01) (5, 3.25399999711462228902e+01) (6, -1.93348082997929999749e+01) (7, 5.45702698155621557241e-01) (8, 6.15950256559941289325e-01) (9, -1.29208659638703071693e+00) (10, 3.27731174132810965105e+00) (11, -5.68048831466539017043e+00) (12, 3.36290903541976149427e+00) (13, 9.19787115348396216996e-02) (14, 7.49113802629199798666e-01) (15, 3.22239084227159811036e+00) 
