FANN_FLO_2.1
num_layers=3
learning_rate=0.700000
connection_rate=1.000000
network_type=0
learning_momentum=0.000000
training_algorithm=2
train_error_function=1
train_stop_function=0
cascade_output_change_fraction=0.010000
quickprop_decay=-0.000100
quickprop_mu=1.750000
rprop_increase_factor=1.200000
rprop_decrease_factor=0.500000
rprop_delta_min=0.000000
rprop_delta_max=50.000000
rprop_delta_zero=0.100000
cascade_output_stagnation_epochs=12
cascade_candidate_change_fraction=0.010000
cascade_candidate_stagnation_epochs=12
cascade_max_out_epochs=150
cascade_max_cand_epochs=150
cascade_num_candidate_groups=2
bit_fail_limit=3.49999999999999977796e-01
cascade_candidate_limit=1.00000000000000000000e+03
cascade_weight_multiplier=4.00000000000000022204e-01
cascade_activation_functions_count=10
cascade_activation_functions=3 5 7 8 10 11 14 15 16 17 
cascade_activation_steepnesses_count=4
cascade_activation_steepnesses=2.50000000000000000000e-01 5.00000000000000000000e-01 7.50000000000000000000e-01 1.00000000000000000000e+00 
layer_sizes=8 8 2 
scale_included=0
neurons (num_inputs, activation_function, activation_steepness)=(0, 0, 0.00000000000000000000e+00) (0, 0, 0.00000000000000000000e+00) (0, 0, 0.00000000000000000000e+00) (0, 0, 0.00000000000000000000e+00) (0, 0, 0.00000000000000000000e+00) (0, 0, 0.00000000000000000000e+00) (0, 0, 0.00000000000000000000e+00) (0, 0, 0.00000000000000000000e+00) (8, 4, 5.00000000000000000000e-01) (8, 4, 5.00000000000000000000e-01) (8, 4, 5.00000000000000000000e-01) (8, 4, 5.00000000000000000000e-01) (8, 4, 5.00000000000000000000e-01) (8, 4, 5.00000000000000000000e-01) (8, 4, 5.00000000000000000000e-01) (0, 0, 0.00000000000000000000e+00) (8, 6, 5.00000000000000000000e-01) (0, 6, 0.00000000000000000000e+00) 
connections (connected_to_neuron, weight)=(0, -1.50000000000000000000e+03) (1, -1.50000000000000000000e+03) (2, -1.31239597297897762473e+03) (3, -4.52098495827502745215e+02) (4, -9.46459698877769938008e+02) (5, 6.37206776520298035393e+02) (6, -1.50000000000000000000e+03) (7, 1.22229624159027730457e+03) (0, -2.81608349047917329244e+02) (1, -9.18521721839564690981e+01) (2, -1.49990404647461195964e+03) (3, -1.49692439761547802846e+03) (4, 1.99261363586502312728e+02) (5, -7.46615210629076159421e+02) (6, -1.50000000000000000000e+03) (7, 1.50000000000000000000e+03) (0, 5.86040261892258440568e-01) (1, -2.21638397633756795813e+02) (2, 3.57440094558246926226e+02) (3, -1.20270770065922960157e+02) (4, 5.20788889287483343082e+01) (5, -2.74377857907079146571e+02) (6, 1.17345064476154831823e+02) (7, -1.37211895186328476370e+01) (0, 4.79543208335336590409e+00) (1, 2.28706361992108099912e+02) (2, -1.70054285858974509438e+02) (3, 2.41091102487860098336e+02) (4, 5.68990255302211380695e+01) (5, -7.96991190170648451385e+01) (6, -9.70370780576976272869e+01) (7, -9.27136926499216400543e+01) (0, 6.94730025693685604438e+01) (1, 6.72978773574650634970e+00) (2, 5.01930153849748208472e+01) (3, -2.40838126763088453686e+01) (4, 6.60597397518770463876e+01) (5, -1.70618674514747709736e+02) (6, -5.20414833383488542040e+01) (7, -2.23298124396910750988e+01) (0, -4.02738660459647803691e+02) (1, -8.48799494159272143179e+01) (2, -2.20831682307708348389e+02) (3, 1.50000000000000000000e+03) (4, -1.31485697776630627231e+03) (5, 4.74747967600569609203e+01) (6, 1.14506170101260613592e+03) (7, -6.83240189041617213661e+02) (0, 8.74297353781218644642e-01) (1, -5.21182339313240294842e+00) (2, -1.12375664581605372305e+00) (3, 7.90708776881446029350e-01) (4, -7.49768501382997776261e+00) (5, 6.64258622844261559237e+00) (6, 2.75626229583664494882e+00) (7, -2.88186903896635193689e+00) (8, 8.87216294935505356278e-01) (9, 1.02194413241778225832e+00) (10, 1.33938560039679122049e+00) (11, 9.11559843978069328507e-01) (12, -1.94964770332346426507e+00) (13, -1.83299870471843662223e+00) (14, 7.29419011131637162748e+00) (15, -7.79478896449237623756e-01) 
