FANN_FLO_2.1
num_layers=3
learning_rate=0.700000
connection_rate=1.000000
network_type=0
learning_momentum=0.000000
training_algorithm=2
train_error_function=1
train_stop_function=0
cascade_output_change_fraction=0.010000
quickprop_decay=-0.000100
quickprop_mu=1.750000
rprop_increase_factor=1.200000
rprop_decrease_factor=0.500000
rprop_delta_min=0.000000
rprop_delta_max=50.000000
rprop_delta_zero=0.100000
cascade_output_stagnation_epochs=12
cascade_candidate_change_fraction=0.010000
cascade_candidate_stagnation_epochs=12
cascade_max_out_epochs=150
cascade_max_cand_epochs=150
cascade_num_candidate_groups=2
bit_fail_limit=3.49999999999999977796e-01
cascade_candidate_limit=1.00000000000000000000e+03
cascade_weight_multiplier=4.00000000000000022204e-01
cascade_activation_functions_count=10
cascade_activation_functions=3 5 7 8 10 11 14 15 16 17 
cascade_activation_steepnesses_count=4
cascade_activation_steepnesses=2.50000000000000000000e-01 5.00000000000000000000e-01 7.50000000000000000000e-01 1.00000000000000000000e+00 
layer_sizes=8 8 2 
scale_included=0
neurons (num_inputs, activation_function, activation_steepness)=(0, 0, 0.00000000000000000000e+00) (0, 0, 0.00000000000000000000e+00) (0, 0, 0.00000000000000000000e+00) (0, 0, 0.00000000000000000000e+00) (0, 0, 0.00000000000000000000e+00) (0, 0, 0.00000000000000000000e+00) (0, 0, 0.00000000000000000000e+00) (0, 0, 0.00000000000000000000e+00) (8, 4, 5.00000000000000000000e-01) (8, 4, 5.00000000000000000000e-01) (8, 4, 5.00000000000000000000e-01) (8, 4, 5.00000000000000000000e-01) (8, 4, 5.00000000000000000000e-01) (8, 4, 5.00000000000000000000e-01) (8, 4, 5.00000000000000000000e-01) (0, 0, 0.00000000000000000000e+00) (8, 6, 5.00000000000000000000e-01) (0, 6, 0.00000000000000000000e+00) 
connections (connected_to_neuron, weight)=(0, -7.77127906459438744236e-01) (1, 1.28676659100107837475e-01) (2, 2.35709758810661185180e+00) (3, -2.57962721289398544400e+00) (4, -9.95954329371289803774e-01) (5, 7.90356124460045439406e-02) (6, -1.00328227428860605741e+00) (7, 2.16171091239764034952e+00) (0, 2.82981597892560969854e+01) (1, -2.38464672709198985956e+01) (2, -3.41763907184819615281e+01) (3, 1.45708029752920023014e+01) (4, 1.55588296155903993423e+01) (5, -4.75159310100546221634e+01) (6, -4.03078549317796497320e+00) (7, -3.32799223661991572243e+00) (0, 4.71875676802447685532e+00) (1, 1.88253519404588942621e+01) (2, 9.36854545315826570118e+00) (3, 4.75282128305445361605e+00) (4, -5.60480661201672276661e+01) (5, -2.03744139569516802268e+00) (6, -3.64238907180850901568e+00) (7, -1.46483193921915533231e+00) (0, 2.51123384640398157330e+01) (1, -2.62308408496926581677e+00) (2, -2.42440819583534370452e+01) (3, -5.96363027354897989873e-01) (4, 3.66413645913183838587e+00) (5, -2.85536228031809002914e+01) (6, -1.19824582033986466456e+01) (7, -1.67211305539957533206e+00) (0, 1.96642231116558825477e+01) (1, 4.27593210465714363977e+01) (2, -1.48943512706739222828e+00) (3, 5.76859874420528928596e+00) (4, -1.10915471744787311081e+02) (5, -5.44298962668786856511e+00) (6, 2.30292779681066006603e+00) (7, -8.66772344895238155971e+00) (0, -3.84907803387805858009e+00) (1, 7.11745366619779815665e+01) (2, -1.64612604025242674766e+01) (3, -7.98031564454236814754e+01) (4, -5.51869784341875444511e+01) (5, -7.70106350392737049049e+00) (6, -1.91508707829831941183e+01) (7, 1.63399188791606775339e+01) (0, -2.92540819984743301063e+01) (1, 4.50145773574524596938e+01) (2, 2.18970177775786076779e+01) (3, -3.72496888206589105152e+00) (4, -7.81617802701022128531e+01) (5, -1.02609310715582457973e+00) (6, 2.01258880299903664124e+00) (7, 4.86047981428022524142e+00) (8, 4.64124369432117767076e+00) (9, -8.52333189491639053870e+00) (10, 1.82202371306511707871e+01) (11, 9.27045101452209863169e+00) (12, -1.04506470247519995809e+01) (13, -3.48445866920355085128e+00) (14, -7.67057061841173659644e+00) (15, -3.04238743089406593612e+00) 
