FANN_FLO_2.1
num_layers=3
learning_rate=0.700000
connection_rate=1.000000
network_type=0
learning_momentum=0.000000
training_algorithm=2
train_error_function=1
train_stop_function=0
cascade_output_change_fraction=0.010000
quickprop_decay=-0.000100
quickprop_mu=1.750000
rprop_increase_factor=1.200000
rprop_decrease_factor=0.500000
rprop_delta_min=0.000000
rprop_delta_max=50.000000
rprop_delta_zero=0.100000
cascade_output_stagnation_epochs=12
cascade_candidate_change_fraction=0.010000
cascade_candidate_stagnation_epochs=12
cascade_max_out_epochs=150
cascade_max_cand_epochs=150
cascade_num_candidate_groups=2
bit_fail_limit=3.49999999999999977796e-01
cascade_candidate_limit=1.00000000000000000000e+03
cascade_weight_multiplier=4.00000000000000022204e-01
cascade_activation_functions_count=10
cascade_activation_functions=3 5 7 8 10 11 14 15 16 17 
cascade_activation_steepnesses_count=4
cascade_activation_steepnesses=2.50000000000000000000e-01 5.00000000000000000000e-01 7.50000000000000000000e-01 1.00000000000000000000e+00 
layer_sizes=8 8 2 
scale_included=0
neurons (num_inputs, activation_function, activation_steepness)=(0, 0, 0.00000000000000000000e+00) (0, 0, 0.00000000000000000000e+00) (0, 0, 0.00000000000000000000e+00) (0, 0, 0.00000000000000000000e+00) (0, 0, 0.00000000000000000000e+00) (0, 0, 0.00000000000000000000e+00) (0, 0, 0.00000000000000000000e+00) (0, 0, 0.00000000000000000000e+00) (8, 4, 5.00000000000000000000e-01) (8, 4, 5.00000000000000000000e-01) (8, 4, 5.00000000000000000000e-01) (8, 4, 5.00000000000000000000e-01) (8, 4, 5.00000000000000000000e-01) (8, 4, 5.00000000000000000000e-01) (8, 4, 5.00000000000000000000e-01) (0, 0, 0.00000000000000000000e+00) (8, 6, 5.00000000000000000000e-01) (0, 6, 0.00000000000000000000e+00) 
connections (connected_to_neuron, weight)=(0, -7.84540997865932787647e+00) (1, -2.76512781905164128915e+00) (2, 8.61818654285441709817e+00) (3, -2.42667138671923687809e+00) (4, 3.85663603040665314836e+00) (5, 3.90696805158420135129e+00) (6, 7.71517571959729697717e-01) (7, -8.13468054759959202649e-01) (0, -1.24781829732914317788e+01) (1, 5.62197879386426393467e+01) (2, 1.47780195507192615878e+02) (3, 1.64282944765547682664e+02) (4, 4.98970334117029096888e+02) (5, 1.50000000000000000000e+03) (6, -7.75285898311077801281e+01) (7, 2.48006152762523557342e+00) (0, 3.82751157465153895032e+01) (1, 1.29322132243797938145e+02) (2, -1.19282832728189674754e+02) (3, 5.85592766757471938632e+00) (4, 2.88009719089660833902e+01) (5, -2.12861541504091995591e+01) (6, -1.93913233827355355743e+01) (7, -3.51300102029857530539e+00) (0, -3.17087877530051223118e+01) (1, -3.61928039321636418890e+01) (2, 1.33179164318038488091e+02) (3, -9.77679611429055483995e+01) (4, 5.34701970857583717134e+01) (5, 2.49293749181573325302e+01) (6, -1.65585567252083976086e+01) (7, 1.15784458293815042396e+01) (0, -5.46808265948843974513e+00) (1, -1.80934542329626317780e+01) (2, 2.42027554630193408869e+00) (3, 8.49216624145932641454e+00) (4, -7.27645066000717921639e+00) (5, -3.86971731117008044265e+00) (6, -1.44449510198964237162e+01) (7, 2.58678732875134933522e+01) (0, -1.04162482116297621104e+01) (1, -4.81017350256580744627e+00) (2, 1.68371581008484874076e+01) (3, -2.37218833421734220934e+00) (4, 6.76913959541066034831e+00) (5, 8.13031973358850379441e+00) (6, -1.52501234825068987533e+00) (7, -4.63828662631557264717e+00) (0, -1.07130238503272607886e+02) (1, 2.84115166461663335440e+01) (2, 4.45813443892826569481e+02) (3, 9.33271891564261011354e+01) (4, 1.39195681069696597376e+01) (5, 2.08117888274568372253e+02) (6, -2.97073579894363660969e+02) (7, -1.13453286722379942830e+02) (8, -1.40896140262602020954e+01) (9, 1.63022519176426272658e+00) (10, -1.33598001608235028570e+00) (11, 2.60919608331232444343e+00) (12, 1.69304409156189139551e+00) (13, 1.06034478431174434832e+01) (14, -1.84262893281210815566e+00) (15, -1.35439018041096287392e-01) 
