FANN_FLO_2.1
num_layers=3
learning_rate=0.700000
connection_rate=1.000000
network_type=0
learning_momentum=0.000000
training_algorithm=2
train_error_function=1
train_stop_function=0
cascade_output_change_fraction=0.010000
quickprop_decay=-0.000100
quickprop_mu=1.750000
rprop_increase_factor=1.200000
rprop_decrease_factor=0.500000
rprop_delta_min=0.000000
rprop_delta_max=50.000000
rprop_delta_zero=0.100000
cascade_output_stagnation_epochs=12
cascade_candidate_change_fraction=0.010000
cascade_candidate_stagnation_epochs=12
cascade_max_out_epochs=150
cascade_max_cand_epochs=150
cascade_num_candidate_groups=2
bit_fail_limit=3.49999999999999977796e-01
cascade_candidate_limit=1.00000000000000000000e+03
cascade_weight_multiplier=4.00000000000000022204e-01
cascade_activation_functions_count=10
cascade_activation_functions=3 5 7 8 10 11 14 15 16 17 
cascade_activation_steepnesses_count=4
cascade_activation_steepnesses=2.50000000000000000000e-01 5.00000000000000000000e-01 7.50000000000000000000e-01 1.00000000000000000000e+00 
layer_sizes=8 8 2 
scale_included=0
neurons (num_inputs, activation_function, activation_steepness)=(0, 0, 0.00000000000000000000e+00) (0, 0, 0.00000000000000000000e+00) (0, 0, 0.00000000000000000000e+00) (0, 0, 0.00000000000000000000e+00) (0, 0, 0.00000000000000000000e+00) (0, 0, 0.00000000000000000000e+00) (0, 0, 0.00000000000000000000e+00) (0, 0, 0.00000000000000000000e+00) (8, 4, 5.00000000000000000000e-01) (8, 4, 5.00000000000000000000e-01) (8, 4, 5.00000000000000000000e-01) (8, 4, 5.00000000000000000000e-01) (8, 4, 5.00000000000000000000e-01) (8, 4, 5.00000000000000000000e-01) (8, 4, 5.00000000000000000000e-01) (0, 0, 0.00000000000000000000e+00) (8, 6, 5.00000000000000000000e-01) (0, 6, 0.00000000000000000000e+00) 
connections (connected_to_neuron, weight)=(0, -4.61219463907085184928e+02) (1, 2.72959818479571367789e+02) (2, 6.19296746118102532819e+02) (3, -3.09503503893897232047e+02) (4, -4.91005900621807484185e+02) (5, 8.68689351098777478910e+02) (6, 2.30268112067575394519e+01) (7, 2.30956768370081164221e+02) (0, 1.24874805206604015950e+01) (1, 5.64449645174025693706e+00) (2, 9.90113448871914769711e+00) (3, 1.56438696676575723643e+01) (4, -3.71748804336822189498e+01) (5, 6.64621320672920745665e+00) (6, -4.84103515154513086571e+00) (7, -1.22248037035655574556e+01) (0, 1.21838914346357416463e+01) (1, 4.81034975114621676795e+00) (2, 2.08151652258932218231e+00) (3, -3.10744734012418355462e+00) (4, -1.20291261884342208788e+01) (5, -7.33201376361546675042e+00) (6, -7.37002015343234972988e+00) (7, -5.22068336569556201709e+00) (0, -7.20795763413569368083e+00) (1, -2.76792071278275443547e+02) (2, 2.82089224995166944154e+02) (3, -6.47175124808813251320e+01) (4, -1.13816258714703806731e+02) (5, 1.43922772298248595746e+01) (6, -7.90245656324856611263e+01) (7, 2.18157903144881061053e+02) (0, -2.25431712589071935327e+02) (1, 6.40997552266651268837e+02) (2, -1.11877236724511135435e+03) (3, -1.37161086386772149126e+03) (4, -1.49756897215472531570e+03) (5, 8.30937459214089244597e+02) (6, -1.06115349121696817747e+03) (7, 1.09515156981764130251e+03) (0, -4.21871302763634226096e+00) (1, -3.33972528123886931439e+01) (2, 7.92670412738463596725e+01) (3, 2.72754787223896677517e+00) (4, -1.68496144588771102235e+02) (5, 3.21808499404519920972e+01) (6, 1.37690323054790528801e+01) (7, 2.33755132704423900236e+01) (0, 1.13578234765765362368e+01) (1, 1.25841232663841395834e+00) (2, 2.47027555816912880449e-01) (3, -5.74737899718488076672e+00) (4, -4.66688175603868771191e+00) (5, -9.80641928263124285081e+00) (6, -7.87967326605645546067e+00) (7, -1.32967536278673370553e+00) (8, 1.95979395373796250190e+00) (9, 1.76403230268333532926e+00) (10, -6.60445568830993412490e+00) (11, 2.40323548456150426489e+00) (12, 1.60838940445647038402e+00) (13, -1.26050452374888122264e+00) (14, 7.88489257724433745267e+00) (15, -4.23860419455314829662e+00) 
