FANN_FLO_2.1
num_layers=3
learning_rate=0.700000
connection_rate=1.000000
network_type=0
learning_momentum=0.000000
training_algorithm=2
train_error_function=1
train_stop_function=0
cascade_output_change_fraction=0.010000
quickprop_decay=-0.000100
quickprop_mu=1.750000
rprop_increase_factor=1.200000
rprop_decrease_factor=0.500000
rprop_delta_min=0.000000
rprop_delta_max=50.000000
rprop_delta_zero=0.100000
cascade_output_stagnation_epochs=12
cascade_candidate_change_fraction=0.010000
cascade_candidate_stagnation_epochs=12
cascade_max_out_epochs=150
cascade_max_cand_epochs=150
cascade_num_candidate_groups=2
bit_fail_limit=3.49999999999999977796e-01
cascade_candidate_limit=1.00000000000000000000e+03
cascade_weight_multiplier=4.00000000000000022204e-01
cascade_activation_functions_count=10
cascade_activation_functions=3 5 7 8 10 11 14 15 16 17 
cascade_activation_steepnesses_count=4
cascade_activation_steepnesses=2.50000000000000000000e-01 5.00000000000000000000e-01 7.50000000000000000000e-01 1.00000000000000000000e+00 
layer_sizes=8 8 2 
scale_included=0
neurons (num_inputs, activation_function, activation_steepness)=(0, 0, 0.00000000000000000000e+00) (0, 0, 0.00000000000000000000e+00) (0, 0, 0.00000000000000000000e+00) (0, 0, 0.00000000000000000000e+00) (0, 0, 0.00000000000000000000e+00) (0, 0, 0.00000000000000000000e+00) (0, 0, 0.00000000000000000000e+00) (0, 0, 0.00000000000000000000e+00) (8, 4, 5.00000000000000000000e-01) (8, 4, 5.00000000000000000000e-01) (8, 4, 5.00000000000000000000e-01) (8, 4, 5.00000000000000000000e-01) (8, 4, 5.00000000000000000000e-01) (8, 4, 5.00000000000000000000e-01) (8, 4, 5.00000000000000000000e-01) (0, 0, 0.00000000000000000000e+00) (8, 6, 5.00000000000000000000e-01) (0, 6, 0.00000000000000000000e+00) 
connections (connected_to_neuron, weight)=(0, 1.50000000000000000000e+03) (1, 1.50000000000000000000e+03) (2, 1.50000000000000000000e+03) (3, 1.50000000000000000000e+03) (4, 1.50000000000000000000e+03) (5, 1.50000000000000000000e+03) (6, 1.50000000000000000000e+03) (7, -5.34895039600139483582e+01) (0, -3.72501047220333925125e+00) (1, -4.22063920709927486996e+00) (2, -2.42313572413612871026e-01) (3, 1.34208142823196094895e+01) (4, -1.74884261450161844209e+01) (5, 1.96182120904764687452e+01) (6, -1.01535631022463064710e+02) (7, -1.21088987444052609277e+00) (0, -7.50228630149733248800e+02) (1, -4.86005334403260349063e+02) (2, -3.37271455766585177116e+02) (3, 6.63496964937521624961e+02) (4, 3.08178976705490242693e+02) (5, 4.51431940643615916997e+02) (6, 4.98567346634594201760e+01) (7, -9.03167225495073289210e+00) (0, -3.65953030041761735447e+02) (1, -6.89931317909128779320e+02) (2, 1.00677494476665742695e+03) (3, -1.60630749737347883865e+02) (4, 1.50000000000000000000e+03) (5, 1.69529652894120431483e+02) (6, -6.13193699144484526187e+02) (7, -3.04113482142627375993e+01) (0, -1.26291667723634031972e+03) (1, 2.03783699385929509162e+02) (2, 2.09303849044662371170e+02) (3, 1.11329151916440446257e+03) (4, -1.21626533614374739045e+03) (5, 2.08604560582833670423e+02) (6, 2.83780028309311944668e+02) (7, -1.39910916673689360579e+01) (0, -1.63200528662294289006e+02) (1, 1.06982280171495077070e+02) (2, -2.30810005764399477357e+02) (3, 6.14855158509267312184e+02) (4, -4.29576081258802446428e+02) (5, 2.30378585032378026654e+02) (6, 2.28492218739259769222e+01) (7, -1.58779482157176886403e+02) (0, -1.50000000000000000000e+03) (1, -6.38423260115605671672e+02) (2, -1.50000000000000000000e+03) (3, -5.70784246068692482368e+02) (4, 9.43551260833249898496e+02) (5, 1.24349784390502236420e+03) (6, 4.32965215703825776927e+02) (7, 5.72820009156355709479e+01) (8, 2.50852905879875098805e+00) (9, 2.37702766502688866979e+00) (10, -1.45534155350482835578e-01) (11, 8.48961485548981986682e-01) (12, -4.85383892357517943150e-01) (13, -5.49923477406976779491e-01) (14, -8.09666534800183912424e-01) (15, -3.07245292451242102416e+00) 
