FANN_FLO_2.1
num_layers=3
learning_rate=0.700000
connection_rate=1.000000
network_type=0
learning_momentum=0.000000
training_algorithm=2
train_error_function=1
train_stop_function=0
cascade_output_change_fraction=0.010000
quickprop_decay=-0.000100
quickprop_mu=1.750000
rprop_increase_factor=1.200000
rprop_decrease_factor=0.500000
rprop_delta_min=0.000000
rprop_delta_max=50.000000
rprop_delta_zero=0.100000
cascade_output_stagnation_epochs=12
cascade_candidate_change_fraction=0.010000
cascade_candidate_stagnation_epochs=12
cascade_max_out_epochs=150
cascade_max_cand_epochs=150
cascade_num_candidate_groups=2
bit_fail_limit=3.49999999999999977796e-01
cascade_candidate_limit=1.00000000000000000000e+03
cascade_weight_multiplier=4.00000000000000022204e-01
cascade_activation_functions_count=10
cascade_activation_functions=3 5 7 8 10 11 14 15 16 17 
cascade_activation_steepnesses_count=4
cascade_activation_steepnesses=2.50000000000000000000e-01 5.00000000000000000000e-01 7.50000000000000000000e-01 1.00000000000000000000e+00 
layer_sizes=8 8 2 
scale_included=0
neurons (num_inputs, activation_function, activation_steepness)=(0, 0, 0.00000000000000000000e+00) (0, 0, 0.00000000000000000000e+00) (0, 0, 0.00000000000000000000e+00) (0, 0, 0.00000000000000000000e+00) (0, 0, 0.00000000000000000000e+00) (0, 0, 0.00000000000000000000e+00) (0, 0, 0.00000000000000000000e+00) (0, 0, 0.00000000000000000000e+00) (8, 4, 5.00000000000000000000e-01) (8, 4, 5.00000000000000000000e-01) (8, 4, 5.00000000000000000000e-01) (8, 4, 5.00000000000000000000e-01) (8, 4, 5.00000000000000000000e-01) (8, 4, 5.00000000000000000000e-01) (8, 4, 5.00000000000000000000e-01) (0, 0, 0.00000000000000000000e+00) (8, 6, 5.00000000000000000000e-01) (0, 6, 0.00000000000000000000e+00) 
connections (connected_to_neuron, weight)=(0, 6.67026972878026214175e+01) (1, -1.07761257282997178208e+02) (2, -5.93982260939491482077e+01) (3, -5.26897889032542998677e+00) (4, -2.43221146163879183177e+02) (5, 1.10197789901546926217e+02) (6, -1.00572541913005125025e+02) (7, 8.17917225892149701849e+01) (0, -4.02258212579567526745e+01) (1, -9.71114445888621389713e+02) (2, 1.50000000000000000000e+03) (3, 1.50000000000000000000e+03) (4, -1.49856656255830762348e+03) (5, -1.20563801614139924823e+03) (6, -3.07903975521067138743e+02) (7, 8.35899170697770017568e+01) (0, -5.97064766566418938964e+02) (1, -1.50000000000000000000e+03) (2, -1.28387636709870918139e+02) (3, 5.45472958116425843400e+02) (4, 8.21948943384614381102e+02) (5, -1.50000000000000000000e+03) (6, -9.74900522782307916714e+01) (7, 4.35863725269869007661e+02) (0, -3.52373340976998719043e+01) (1, 1.04262135221005721064e+02) (2, -1.50000000000000000000e+03) (3, -1.50000000000000000000e+03) (4, 1.05603760301118924758e+02) (5, 1.35135957768705884519e+03) (6, 9.90987578967516242301e+02) (7, 6.88931637300233035148e+01) (0, -4.67468979276364464681e+01) (1, -1.30828848675876713514e+02) (2, -3.86645613728740897841e+01) (3, 7.92680115486492269383e+01) (4, 5.84068028483860679501e+00) (5, -1.78964611918387497269e+01) (6, 7.78480804621005262334e+01) (7, 3.14429630073216657138e+01) (0, 1.07550546059465409598e+03) (1, -1.09172267194551955072e+03) (2, 2.08782788634437991959e+02) (3, 1.49636731830085454931e+03) (4, -1.27200766942309073215e+02) (5, 4.28165927051875371490e+02) (6, -4.53831832698483879085e+02) (7, -1.40520841431851681591e+03) (0, -1.50000000000000000000e+03) (1, -3.23009152114428843561e+02) (2, 4.36154005418688797135e+01) (3, 7.04259542503774923716e+02) (4, -7.86458705468751020362e+01) (5, -1.85046349565573848395e+02) (6, 7.18948510859593056921e+02) (7, -9.90601668856979529210e+01) (8, 1.43100965961008208538e+00) (9, 3.75428712792000573994e-01) (10, 4.53790971351093141983e-01) (11, -1.75154000266009080011e-01) (12, -4.90812351167192739698e-01) (13, 2.91475086331890587132e+00) (14, 1.09113482863617750063e+00) (15, -7.01443099149207521803e-02) 
