FANN_FLO_2.1
num_layers=3
learning_rate=0.700000
connection_rate=1.000000
network_type=0
learning_momentum=0.000000
training_algorithm=2
train_error_function=1
train_stop_function=0
cascade_output_change_fraction=0.010000
quickprop_decay=-0.000100
quickprop_mu=1.750000
rprop_increase_factor=1.200000
rprop_decrease_factor=0.500000
rprop_delta_min=0.000000
rprop_delta_max=50.000000
rprop_delta_zero=0.100000
cascade_output_stagnation_epochs=12
cascade_candidate_change_fraction=0.010000
cascade_candidate_stagnation_epochs=12
cascade_max_out_epochs=150
cascade_max_cand_epochs=150
cascade_num_candidate_groups=2
bit_fail_limit=3.49999999999999977796e-01
cascade_candidate_limit=1.00000000000000000000e+03
cascade_weight_multiplier=4.00000000000000022204e-01
cascade_activation_functions_count=10
cascade_activation_functions=3 5 7 8 10 11 14 15 16 17 
cascade_activation_steepnesses_count=4
cascade_activation_steepnesses=2.50000000000000000000e-01 5.00000000000000000000e-01 7.50000000000000000000e-01 1.00000000000000000000e+00 
layer_sizes=8 8 2 
scale_included=0
neurons (num_inputs, activation_function, activation_steepness)=(0, 0, 0.00000000000000000000e+00) (0, 0, 0.00000000000000000000e+00) (0, 0, 0.00000000000000000000e+00) (0, 0, 0.00000000000000000000e+00) (0, 0, 0.00000000000000000000e+00) (0, 0, 0.00000000000000000000e+00) (0, 0, 0.00000000000000000000e+00) (0, 0, 0.00000000000000000000e+00) (8, 4, 5.00000000000000000000e-01) (8, 4, 5.00000000000000000000e-01) (8, 4, 5.00000000000000000000e-01) (8, 4, 5.00000000000000000000e-01) (8, 4, 5.00000000000000000000e-01) (8, 4, 5.00000000000000000000e-01) (8, 4, 5.00000000000000000000e-01) (0, 0, 0.00000000000000000000e+00) (8, 6, 5.00000000000000000000e-01) (0, 6, 0.00000000000000000000e+00) 
connections (connected_to_neuron, weight)=(0, -6.75856454560585689251e+02) (1, -1.94097264550344391409e+02) (2, 6.04557866008329710894e+02) (3, -2.56572357663240552483e+02) (4, -4.89272149067794089206e+02) (5, 1.88378401084185718162e+01) (6, 1.50000000000000000000e+03) (7, 2.49551028639328471570e+01) (0, -7.08808042514810399126e+00) (1, 4.12665680416910074513e+00) (2, 5.27455554978519547404e+00) (3, -2.16864708934886651903e+00) (4, -9.28592986071046944119e+00) (5, 1.34559368685360087881e+01) (6, -6.33156228768546398555e+01) (7, 9.44338423031000218089e+00) (0, 8.86962810404172152801e+00) (1, -1.75437992629461581018e+00) (2, 1.24543315790791186970e+01) (3, -2.96139098583112918561e+01) (4, -1.72572967887839623380e+00) (5, -6.57716424141615618737e+00) (6, 5.41250318196567334894e+01) (7, -1.41887360345606801104e+01) (0, -9.07899766867680909854e+02) (1, -1.38177077558976890259e+02) (2, 8.62572228386692074764e+01) (3, -2.16955789061696464159e+02) (4, -1.50000000000000000000e+03) (5, -2.52300452662055846531e+02) (6, 1.50000000000000000000e+03) (7, 2.00246588536064479058e+02) (0, -1.42388038554402305635e+03) (1, -1.39261149736846641645e+03) (2, 1.02573937790469608444e+03) (3, -7.65579964577144551185e+02) (4, -1.50000000000000000000e+03) (5, 7.38959998987250287428e+02) (6, 1.50000000000000000000e+03) (7, 1.12972526840135685688e+02) (0, 8.90586097982239621729e+00) (1, 1.78593039302905598475e+00) (2, -1.46775198575336096596e+00) (3, 1.40897488898405907065e+01) (4, 5.83213896662929887071e+00) (5, 7.65130176480661061689e-01) (6, -2.70969662740551271440e+01) (7, 8.82464108982161121730e+00) (0, -2.32624041411642394905e+02) (1, -3.85718574254923085576e+00) (2, 5.61233244939152431385e+00) (3, 1.71194921239684504144e+02) (4, -1.07627313437018230502e+02) (5, 3.45805204508956407494e+01) (6, -5.18760245797509611521e+01) (7, 8.28163177991691838997e+01) (8, 3.93966013004294568489e+00) (9, 3.59105593657196298096e+00) (10, -2.72380693371131510361e+00) (11, 2.87846878132139361028e+00) (12, 1.59249656599999167561e+00) (13, 4.46083733499410062251e+00) (14, -2.49751118407272665323e+00) (15, -5.65288299705740815426e+00) 
